Date Time,NO_UNAL,NO2_UNAL,NOx_UNAL,NO (Invitado1),NO2 (Invitado1),NOx (Invitado1)
 ,ppb,ppb,ppb,ppb,ppb,ppb
07/16/26 08:00,0.379,0.511,0.849,0.188,-0.733,-0.600
07/16/26 08:01,-0.569,0.828,0.289,0.133,-0.700,-0.600
07/16/26 08:02,-0.367,0.081,-0.260,0.125,-0.700,-0.512
07/16/26 08:03,-0.383,0.332,-0.028,0.142,-0.700,-0.575
07/16/26 08:04,-0.480,0.438,0.003,0.123,-0.723,-0.600
07/16/26 08:05,-0.197,0.267,0.088,0.168,-0.727,-0.600
07/16/26 08:06,-0.173,0.340,0.168,0.167,-0.700,-0.600
07/16/26 08:07,-0.001,0.291,0.333,0.155,-0.700,-0.533
07/16/26 08:08,-0.189,0.512,0.322,0.200,-0.722,-0.522
07/16/26 08:09,-0.290,0.511,0.222,0.178,-0.778,-0.600
07/16/26 08:10,-0.057,0.059,0.013,0.100,-0.700,-0.600
07/16/26 08:11,-0.023,-0.006,-0.010,0.100,-0.675,-0.575
07/16/26 08:12,0.161,0.173,0.329,0.100,-0.578,-0.500
07/16/26 08:13,0.364,0.127,0.500,0.035,-0.500,-0.500
07/16/26 08:14,0.148,0.244,0.398,0.000,-0.555,-0.555
07/16/26 08:15,-0.168,0.491,0.298,0.000,-0.533,-0.600
07/16/26 08:16,0.112,0.177,0.286,0.000,-0.500,-0.512
07/16/26 08:17,0.169,0.081,0.225,0.000,-0.500,-0.500
07/16/26 08:18,0.095,-0.043,0.095,0.000,-0.500,-0.500
07/16/26 08:19,0.215,0.393,0.588,0.075,-0.608,-0.575
07/16/26 08:20,0.008,0.025,0.066,0.100,-0.633,-0.600
07/16/26 08:21,-0.619,0.473,-0.126,0.082,-0.600,-0.525
07/16/26 08:22,-0.468,0.487,0.061,0.100,-0.600,-0.500
07/16/26 08:23,-0.360,0.291,-0.059,0.100,-0.600,-0.500
07/16/26 08:24,-0.267,-0.099,-0.364,0.100,-0.600,-0.500
07/16/26 08:25,-0.045,0.263,0.229,0.100,-0.577,-0.477
07/16/26 08:26,-0.143,0.341,0.202,0.100,-0.557,-0.423
07/16/26 08:27,-0.193,0.412,0.217,0.142,-0.600,-0.448
07/16/26 08:28,0.020,0.415,0.434,0.200,-0.657,-0.500
07/16/26 08:29,-0.233,0.532,0.282,0.125,-0.625,-0.500
07/16/26 08:30,-0.866,0.724,-0.139,0.167,-0.633,-0.500
07/16/26 08:31,-0.442,0.800,0.345,0.175,-0.675,-0.500
07/16/26 08:32,-0.081,0.932,0.897,0.200,-0.700,-0.500
07/16/26 08:33,0.170,0.331,0.489,0.200,-0.700,-0.500
07/16/26 08:34,-0.119,0.149,0.007,0.257,-0.700,-0.477
07/16/26 08:35,-0.262,-0.149,-0.381,0.300,-0.667,-0.400
07/16/26 08:36,-0.313,0.431,0.106,0.233,-0.700,-0.457
07/16/26 08:37,-0.169,0.175,0.033,0.300,-0.775,-0.500
07/16/26 08:38,-0.219,0.118,-0.100,0.277,-0.800,-0.500
07/16/26 08:39,-0.290,0.145,-0.144,0.200,-0.777,-0.500
07/16/26 08:40,-0.102,-0.071,-0.141,0.200,-0.700,-0.500
07/16/26 08:41,-0.210,0.275,0.082,0.200,-0.700,-0.500
07/16/26 08:42,-0.290,0.635,0.362,0.200,-0.700,-0.533
07/16/26 08:43,0.283,0.107,0.393,0.143,-0.625,-0.467
07/16/26 08:44,-0.083,-0.099,-0.172,0.100,-0.600,-0.500
07/16/26 08:45,-0.173,0.333,0.141,0.100,-0.600,-0.500
07/16/26 08:46,0.121,0.491,0.614,0.100,-0.690,-0.557
07/16/26 08:47,0.196,0.084,0.311,0.100,-0.700,-0.600
07/16/26 08:48,-0.496,0.377,-0.111,0.100,-0.700,-0.600
07/16/26 08:49,-0.586,0.415,-0.128,0.058,-0.757,-0.698
07/16/26 08:50,-0.295,0.119,-0.146,0.000,-0.800,-0.800
07/16/26 08:51,-0.119,0.556,0.447,-0.075,-0.725,-0.800
07/16/26 08:52,-0.144,0.590,0.448,-0.157,-0.677,-0.800
07/16/26 08:53,-0.477,0.465,0.018,-0.200,-0.627,-0.883
07/16/26 08:54,-0.224,-0.022,-0.238,-0.290,-0.600,-0.900
07/16/26 08:55,-0.001,0.143,0.111,-0.300,-0.675,-0.975
07/16/26 08:56,-0.219,0.220,0.028,-0.300,-0.667,-0.967
07/16/26 08:57,-0.360,0.266,-0.044,-0.300,-0.648,-0.948
07/16/26 08:58,-0.219,0.286,0.064,-0.243,-0.700,-0.943
07/16/26 08:59,-0.023,0.492,0.488,-0.200,-0.700,-0.900
07/16/26 09:00,0.211,-0.036,0.182,-0.200,-0.700,-0.900
07/16/26 09:01,0.170,-0.246,-0.068,0.033,-0.723,-0.667
07/16/26 09:02,16.374,8.677,24.859,38.833,21.273,60.093
07/16/26 09:03,59.976,32.932,92.804,89.923,44.182,134.080
07/16/26 09:04,98.987,41.510,140.499,115.107,42.943,158.017
07/16/26 09:05,129.635,29.882,159.696,149.938,23.485,173.405
07/16/26 09:06,154.456,14.932,169.457,177.700,6.767,184.467
07/16/26 09:07,167.787,6.354,174.154,184.400,0.905,185.328
07/16/26 09:08,172.633,3.612,176.246,185.303,-0.220,185.127
07/16/26 09:09,174.263,2.453,176.738,185.700,-0.198,185.478
07/16/26 09:10,175.267,1.627,176.928,186.274,-0.300,185.917
07/16/26 09:11,177.131,1.233,178.291,Samp<,Samp<,Samp<
07/16/26 09:12,179.082,0.366,179.396,180.962,-0.183,180.747
07/16/26 09:13,178.061,0.726,178.743,180.880,0.400,181.280
07/16/26 09:14,181.765,-0.958,180.782,181.675,0.367,182.042
07/16/26 09:15,180.467,-0.270,180.219,180.674,0.084,180.716
07/16/26 09:16,180.790,-0.457,180.304,180.417,-0.317,180.100
07/16/26 09:17,180.767,-0.346,180.459,180.720,-0.697,180.023
07/16/26 09:18,180.423,0.387,180.844,180.875,-1.167,179.742
07/16/26 09:19,180.150,0.064,180.225,181.355,-1.407,179.948
07/16/26 09:20,180.493,-0.632,179.863,181.867,-1.442,180.458
07/16/26 09:21,180.640,-1.011,179.624,181.895,-1.597,180.342
07/16/26 09:22,180.387,-0.844,179.546,181.958,-1.883,180.050
07/16/26 09:23,180.773,-1.008,179.773,182.077,-1.850,180.227
07/16/26 09:24,180.963,-0.352,180.613,182.058,-1.542,180.542
07/16/26 09:25,180.383,0.102,180.487,182.382,-1.600,180.750
07/16/26 09:26,180.187,0.003,180.184,182.683,-1.750,180.958
07/16/26 09:27,180.670,-0.647,179.988,182.857,-2.060,180.863
07/16/26 09:28,181.130,-1.357,179.802,182.925,-2.200,180.767
07/16/26 09:29,180.727,-0.796,179.940,183.215,-2.298,180.883
07/16/26 09:30,180.417,-0.356,180.109,183.425,-2.458,181.000
07/16/26 09:31,180.480,0.229,180.700,183.392,-2.548,180.843
07/16/26 09:32,180.410,-0.068,180.356,183.442,-2.642,180.800
07/16/26 09:33,180.743,-0.240,180.550,183.478,-2.752,180.727
07/16/26 09:34,180.943,-0.538,180.410,183.467,-2.483,180.892
07/16/26 09:35,180.850,-1.056,179.795,180.715,-0.423,180.268
07/16/26 09:36,180.710,-0.875,179.889,179.375,0.475,179.825
07/16/26 09:37,181.193,-0.954,180.275,179.318,0.592,179.863
07/16/26 09:38,181.867,-1.082,180.823,179.192,0.700,179.850
07/16/26 09:39,181.673,-0.759,180.916,178.972,0.798,179.750
07/16/26 09:40,180.963,-0.472,180.515,178.775,0.792,179.567
07/16/26 09:41,180.820,-0.468,180.349,178.667,1.035,179.720
07/16/26 09:42,181.300,-0.727,180.562,178.608,0.958,179.592
07/16/26 09:43,181.150,-0.979,180.166,179.672,0.198,179.912
07/16/26 09:44,181.347,-1.181,180.184,179.833,0.133,179.967
07/16/26 09:45,181.463,-0.671,180.835,180.003,0.042,180.025
07/16/26 09:46,181.590,-0.875,180.691,180.017,0.067,180.083
07/16/26 09:47,181.177,-0.526,180.656,180.082,-0.137,179.945
07/16/26 09:48,180.763,-0.314,180.463,180.283,-0.375,179.883
07/16/26 09:49,181.160,-0.974,180.199,180.593,-0.635,179.935
07/16/26 09:50,181.833,-1.277,180.572,180.675,-0.758,179.917
07/16/26 09:51,181.863,-0.719,181.145,180.627,-0.750,179.877
07/16/26 09:52,181.867,-0.723,181.142,180.475,-0.633,179.842
07/16/26 09:53,182.140,-1.196,180.914,180.512,-0.558,179.928
07/16/26 09:54,181.673,-0.842,180.842,180.408,-0.267,180.167
07/16/26 09:55,181.043,-0.518,180.538,180.357,-0.198,180.158
07/16/26 09:56,181.013,-0.761,180.229,180.300,-0.158,180.142
07/16/26 09:57,181.560,-1.231,180.348,180.280,-0.172,180.108
07/16/26 09:58,181.883,-1.033,180.874,180.417,-0.517,179.875
07/16/26 09:59,181.957,-1.029,180.929,180.500,-0.597,179.870
07/16/26 10:00,181.907,-0.786,181.146,180.417,-0.767,179.675
07/16/26 10:01,181.910,-0.457,181.425,180.275,-0.733,179.567
07/16/26 10:02,182.160,-0.752,181.416,180.175,-0.667,179.483
07/16/26 10:03,182.063,-1.241,180.843,180.257,-0.837,179.420
07/16/26 10:04,181.903,-1.303,180.606,180.358,-0.958,179.400
07/16/26 10:05,182.197,-1.228,181.011,180.375,-0.997,179.358
07/16/26 10:06,182.093,-0.780,181.317,180.358,-1.200,179.158
07/16/26 10:07,182.627,-1.380,181.259,180.322,-1.043,179.225
07/16/26 10:08,182.313,-1.203,181.118,180.258,-0.867,179.392
07/16/26 10:09,181.733,-0.511,181.251,180.400,-1.058,179.322
07/16/26 10:10,181.853,-0.397,181.452,180.375,-0.925,179.442
07/16/26 10:11,182.007,-1.173,180.835,180.202,-0.623,179.567
07/16/26 10:12,181.833,-0.808,181.028,180.083,-0.517,179.533
07/16/26 10:13,182.043,-0.965,181.107,180.178,-0.603,179.575
07/16/26 10:14,182.113,-1.197,180.891,180.258,-0.975,179.317
07/16/26 10:15,181.900,-0.744,181.146,180.532,-1.128,179.462
07/16/26 10:16,181.197,-0.585,180.621,180.500,-0.700,179.775
07/16/26 10:17,181.350,-0.776,180.591,180.682,-0.770,179.945
07/16/26 10:18,181.867,-1.076,180.765,180.917,-0.775,180.108
07/16/26 10:19,182.190,-1.119,181.098,181.025,-0.778,180.280
07/16/26 10:20,182.030,-0.757,181.283,180.967,-0.367,180.600
07/16/26 10:21,181.353,-0.705,180.659,180.938,-0.263,180.675
07/16/26 10:22,181.620,-0.678,180.960,180.800,-0.200,180.600
07/16/26 10:23,181.437,-0.314,181.109,180.878,-0.278,180.600
07/16/26 10:24,180.917,-0.356,180.562,181.050,-0.533,180.517
07/16/26 10:25,181.447,-0.967,180.465,181.203,-0.783,180.420
07/16/26 10:26,181.820,-1.446,180.380,181.200,-0.767,180.492
07/16/26 10:27,181.387,-1.140,180.255,181.378,-0.900,180.475
07/16/26 10:28,181.437,-0.638,180.847,181.400,-0.692,180.700
07/16/26 10:29,181.550,-1.070,180.483,181.483,-0.840,180.643
07/16/26 10:30,181.023,-0.450,180.582,181.367,-0.917,180.417
07/16/26 10:31,181.100,-0.644,180.423,181.018,-0.423,180.615
07/16/26 10:32,181.037,-0.959,180.115,180.958,-0.017,180.942
07/16/26 10:33,181.157,-1.180,179.975,181.000,0.078,181.045
07/16/26 10:34,181.617,-0.986,180.642,181.025,0.050,181.075
07/16/26 10:35,181.327,-0.808,180.533,181.100,0.003,181.078
07/16/26 10:36,181.163,-0.595,180.576,180.975,0.258,181.192
07/16/26 10:37,181.023,-0.409,180.640,181.053,0.072,181.125
07/16/26 10:38,181.157,-1.188,179.940,181.092,-0.458,180.633
07/16/26 10:39,181.547,-1.748,179.823,180.977,-0.658,180.338
07/16/26 10:40,181.547,-1.633,179.910,180.750,-0.608,180.200
07/16/26 10:41,181.523,-1.382,180.160,180.647,-0.513,180.155
07/16/26 10:42,181.580,-1.083,180.503,180.725,-0.717,180.042
07/16/26 10:43,180.777,-0.718,180.068,180.640,-0.633,180.007
07/16/26 10:44,181.003,-0.344,180.698,180.592,-0.383,180.183
07/16/26 10:45,181.380,-0.698,180.628,180.493,-0.127,180.320
07/16/26 10:46,181.437,-0.980,180.414,180.533,-0.342,180.183
07/16/26 10:47,181.517,-1.252,180.308,180.737,-0.662,180.042
07/16/26 10:48,181.667,-1.201,180.467,180.717,-0.600,180.058
07/16/26 10:49,181.877,-1.156,180.746,180.498,-0.587,179.870
07/16/26 10:50,181.393,-0.715,180.701,180.308,-0.600,179.775
07/16/26 10:51,180.927,-0.684,180.240,180.093,-0.567,179.518
07/16/26 10:52,180.987,-1.004,179.978,179.967,-0.725,179.275
07/16/26 10:53,181.137,-1.061,180.114,179.920,-0.843,179.098
07/16/26 10:54,181.157,-0.746,180.414,179.808,-0.858,178.950
07/16/26 10:55,181.603,-0.661,180.938,179.800,-1.008,178.767
07/16/26 10:56,181.730,-0.901,180.809,179.733,-0.708,179.050
07/16/26 10:57,181.443,-0.789,180.659,179.853,-0.853,178.980
07/16/26 10:58,181.097,-0.436,180.635,179.917,-0.983,178.942
07/16/26 10:59,181.570,-1.364,180.194,179.847,-0.942,178.907
07/16/26 11:00,181.680,-1.631,180.043,179.767,-0.867,178.908
07/16/26 11:01,181.303,-1.434,179.909,179.618,-0.772,178.822
07/16/26 11:02,182.243,-1.469,180.767,179.475,-0.642,178.892
07/16/26 11:03,182.267,-1.601,180.671,179.322,-0.550,178.738
07/16/26 11:04,182.163,-1.255,180.932,179.200,-0.575,178.600
07/16/26 11:05,181.687,-0.815,180.886,178.962,-0.262,178.678
07/16/26 11:06,181.363,-0.630,180.760,178.650,-0.100,178.608
07/16/26 11:07,181.777,-1.412,180.366,178.522,0.213,178.757
07/16/26 11:08,181.940,-1.575,180.362,178.592,0.175,178.800
07/16/26 11:09,181.857,-1.064,180.790,178.625,0.122,178.722
07/16/26 11:10,182.143,-0.576,181.507,178.750,0.083,178.825
07/16/26 11:11,182.443,-1.063,181.363,178.925,-0.015,178.877
07/16/26 11:12,181.623,-0.860,180.781,179.175,-0.200,178.975
07/16/26 11:13,181.480,-0.882,180.602,179.350,-0.067,179.283
07/16/26 11:14,181.683,-1.222,180.462,179.475,-0.100,179.367
07/16/26 11:15,182.097,-1.445,180.668,179.528,-0.097,179.453
07/16/26 11:16,182.370,-1.519,180.826,179.667,-0.183,179.483
07/16/26 11:17,181.953,-1.455,180.478,179.857,-0.178,179.678
07/16/26 11:18,181.610,-0.791,180.838,179.808,-0.350,179.550
07/16/26 11:19,181.637,-0.626,181.006,179.895,-0.553,179.365
07/16/26 11:20,180.980,-0.860,180.120,179.833,-0.708,179.158
07/16/26 11:21,181.640,-1.151,180.506,179.842,-0.978,178.877
07/16/26 11:22,181.840,-1.324,180.521,179.742,-1.100,178.642
07/16/26 11:23,181.980,-1.446,180.526,179.513,-0.838,178.700
07/16/26 11:24,182.133,-1.403,180.731,179.242,-0.517,178.733
07/16/26 11:25,181.743,-0.940,180.833,178.985,-0.182,178.837
07/16/26 11:26,181.280,-0.297,180.968,179.075,-0.233,178.900
07/16/26 11:27,181.270,-0.502,180.768,179.273,-0.370,178.925
07/16/26 11:28,181.620,-1.051,180.595,179.267,-0.133,179.167
07/16/26 11:29,181.623,-0.764,180.905,179.283,0.175,179.433
07/16/26 11:30,182.447,-0.889,181.530,179.425,-0.192,179.225
07/16/26 11:31,182.327,-1.443,180.868,179.657,-0.478,179.120
07/16/26 11:32,181.657,-0.942,180.728,179.642,-0.533,179.100
07/16/26 11:33,181.810,-0.736,181.071,179.418,-0.343,179.047
07/16/26 11:34,181.430,-0.661,180.779,179.300,-0.233,179.075
07/16/26 11:35,181.677,-1.379,180.309,179.280,-0.305,178.942
07/16/26 11:36,182.263,-1.969,180.317,179.392,-0.525,178.867
07/16/26 11:37,182.133,-1.378,180.808,179.433,-0.578,178.855
07/16/26 11:38,182.433,-1.393,181.063,179.458,-0.625,178.833
07/16/26 11:39,182.300,-1.197,181.106,179.603,-0.753,178.850
07/16/26 11:40,182.193,-1.033,181.169,179.642,-0.642,179.000
07/16/26 11:41,181.677,-0.271,181.409,179.778,-0.643,179.102
07/16/26 11:42,181.567,-0.447,181.103,179.783,-0.658,179.192
07/16/26 11:43,182.163,-1.234,180.889,179.465,-0.140,179.350
07/16/26 11:44,182.247,-1.378,180.873,179.458,0.008,179.442
07/16/26 11:45,181.823,-0.882,180.927,179.495,0.003,179.478
07/16/26 11:46,182.003,-1.046,180.948,179.517,-0.017,179.475
07/16/26 11:47,182.447,-1.421,181.028,179.658,-0.203,179.433
07/16/26 11:48,181.693,-0.910,180.792,179.575,-0.417,179.158
07/16/26 11:49,181.320,-0.757,180.540,179.708,-0.712,179.017
07/16/26 11:50,181.600,-0.900,180.692,179.808,-0.933,178.908
07/16/26 11:51,181.813,-1.152,180.658,179.800,-0.888,178.853
07/16/26 11:52,182.387,-1.220,181.151,179.775,-0.933,178.833
07/16/26 11:53,182.217,-1.177,181.003,179.642,-0.837,178.780
07/16/26 11:54,181.303,-0.809,180.500,179.517,-0.583,178.925
07/16/26 11:55,181.483,-0.805,180.675,179.478,-0.480,178.998
07/16/26 11:56,180.883,-0.936,179.940,179.467,-0.558,178.942
07/16/26 11:57,181.857,-1.783,180.072,179.500,-0.575,178.925
07/16/26 11:58,182.090,-1.629,180.514,179.533,-0.475,179.025
07/16/26 11:59,182.020,-1.546,180.547,179.533,-0.375,179.158
07/16/26 12:00,182.063,-1.123,180.926,179.475,-0.150,179.325
07/16/26 12:01,182.183,-1.369,180.840,179.450,-0.228,179.255
07/16/26 12:02,181.463,-0.693,180.805,179.450,-0.008,179.475
07/16/26 12:03,181.873,-0.678,181.182,179.557,-0.193,179.363
07/16/26 12:04,181.710,-0.927,180.778,179.542,-0.300,179.242
07/16/26 12:05,181.320,-1.081,180.235,179.525,-0.353,179.172
07/16/26 12:06,182.460,-1.014,181.424,179.542,-0.325,179.217
07/16/26 12:07,182.707,-1.435,181.268,179.603,-0.640,178.997
07/16/26 12:08,182.047,-0.933,181.099,179.700,-0.675,179.025
07/16/26 12:09,182.250,-0.921,181.343,179.725,-0.743,178.975
07/16/26 12:10,182.127,-1.221,180.901,179.775,-0.742,179.050
07/16/26 12:11,181.520,-1.646,179.879,179.700,-0.510,179.178
07/16/26 12:12,181.717,-1.556,180.123,179.583,-0.408,179.175
07/16/26 12:13,182.187,-1.179,181.000,179.313,-0.213,179.118
07/16/26 12:14,182.000,-1.218,180.760,179.267,-0.017,179.250
07/16/26 12:15,181.993,-1.400,180.625,179.190,0.033,179.223
07/16/26 12:16,181.387,-1.136,180.264,179.142,0.000,179.200
07/16/26 12:17,181.513,-1.103,180.427,179.178,-0.103,179.122
07/16/26 12:18,182.007,-1.439,180.590,179.317,-0.283,179.042
07/16/26 12:19,181.597,-0.992,180.609,179.502,-0.578,178.923
07/16/26 12:20,181.717,-0.850,180.855,179.633,-0.792,178.875
07/16/26 12:21,182.333,-1.293,181.029,179.703,-1.118,178.560
07/16/26 12:22,181.860,-1.039,180.840,179.792,-1.300,178.517
07/16/26 12:23,181.307,-0.489,180.812,179.763,-1.090,178.673
07/16/26 12:24,181.807,-0.872,180.955,179.608,-0.983,178.625
07/16/26 12:25,181.847,-1.465,180.395,179.497,-0.867,178.630
07/16/26 12:26,182.093,-1.210,180.909,179.517,-0.933,178.558
07/16/26 12:27,181.850,-0.998,180.886,179.438,-0.688,178.728
07/16/26 12:28,181.687,-0.686,180.988,179.208,-0.100,179.117
07/16/26 12:29,181.887,-0.501,181.384,179.167,-0.148,178.997
07/16/26 12:30,181.660,-0.582,181.081,179.167,-0.092,179.050
07/16/26 12:31,181.377,-0.678,180.704,179.277,0.025,179.278
07/16/26 12:32,181.687,-1.236,180.434,179.400,0.092,179.458
07/16/26 12:33,182.123,-1.248,180.869,179.300,0.278,179.578
07/16/26 12:34,181.850,-0.837,181.025,179.517,-0.033,179.483
07/16/26 12:35,181.697,-0.242,181.456,179.475,0.008,179.478
07/16/26 12:36,181.737,-0.378,181.364,179.333,0.242,179.567
07/16/26 12:37,181.760,-0.600,181.091,179.400,0.075,179.475
07/16/26 12:38,181.503,-0.705,180.797,179.467,-0.250,179.183
07/16/26 12:39,181.647,-0.457,181.186,179.570,-0.292,179.245
07/16/26 12:40,182.083,-1.059,180.992,179.425,-0.308,179.150
07/16/26 12:41,181.910,-1.302,180.569,179.437,-0.485,178.952
07/16/26 12:42,181.310,-0.614,180.691,179.675,-0.725,178.950
07/16/26 12:43,181.847,-0.457,181.350,179.715,-0.587,179.128
07/16/26 12:44,157.783,1.625,159.462,142.350,2.183,144.533
07/16/26 12:45,123.073,0.069,123.501,119.492,0.000,119.492
07/16/26 12:46,120.290,-0.812,119.472,119.758,-0.025,119.733
07/16/26 12:47,119.967,-0.769,119.203,120.122,-0.398,119.723
07/16/26 12:48,120.130,-0.304,119.846,119.908,-0.300,119.608
07/16/26 12:49,120.383,-0.198,120.211,119.718,-0.222,119.522
07/16/26 12:50,120.133,-0.126,120.018,119.483,-0.025,119.467
07/16/26 12:51,119.660,0.020,119.684,119.322,0.075,119.397
07/16/26 12:52,119.763,0.123,119.883,119.242,0.000,119.217
07/16/26 12:53,119.810,-0.360,119.450,119.010,-0.025,118.997
07/16/26 12:54,119.437,-1.013,118.432,118.933,0.050,119.017
07/16/26 12:55,120.000,-0.584,119.427,119.050,0.068,119.118
07/16/26 12:56,120.267,-0.420,119.831,119.225,-0.192,119.067
07/16/26 12:57,119.650,-0.352,119.308,119.378,-0.440,118.938
07/16/26 12:58,119.283,-0.062,119.227,119.400,-0.533,118.833
07/16/26 12:59,119.647,-0.416,119.226,119.458,-0.698,118.760
07/16/26 13:00,119.673,-0.425,119.278,119.675,-0.792,118.883
07/16/26 13:01,119.623,-0.444,119.179,119.640,-0.723,118.917
07/16/26 13:02,119.763,-0.616,119.139,119.350,-0.433,118.917
07/16/26 13:03,120.227,-0.864,119.385,119.222,-0.255,118.967
07/16/26 13:04,119.783,-0.461,119.367,119.142,-0.058,119.083
07/16/26 13:05,119.350,-0.132,119.247,118.910,0.262,119.205
07/16/26 13:06,119.387,0.042,119.428,118.900,0.250,119.150
07/16/26 13:07,119.517,-0.314,119.222,118.848,0.227,119.075
07/16/26 13:08,119.820,-0.841,118.965,119.083,-0.083,119.000
07/16/26 13:09,119.873,-0.749,119.129,119.107,-0.260,118.822
07/16/26 13:10,119.827,-0.385,119.442,119.000,-0.167,118.825
07/16/26 13:11,119.610,-0.130,119.492,118.937,-0.083,118.820
07/16/26 13:12,119.273,-0.230,119.099,119.067,-0.242,118.825
07/16/26 13:13,119.597,-0.373,119.218,118.922,0.032,118.953
07/16/26 13:14,119.380,-0.426,118.960,118.817,0.058,118.875
07/16/26 13:15,119.190,-0.285,118.896,118.700,0.092,118.767
07/16/26 13:16,119.467,-0.302,119.168,118.608,0.258,118.825
07/16/26 13:17,119.570,-0.503,119.063,118.815,0.040,118.855
07/16/26 13:18,119.650,-0.068,119.563,118.875,-0.050,118.800
07/16/26 13:19,119.600,0.003,119.602,118.805,-0.033,118.750
07/16/26 13:20,119.653,-0.276,119.356,118.783,-0.300,118.508
07/16/26 13:21,119.287,-0.257,119.016,118.725,-0.305,118.442
07/16/26 13:22,119.363,-0.701,118.709,118.767,-0.392,118.375
07/16/26 13:23,119.390,-0.627,118.735,118.775,-0.533,118.275
07/16/26 13:24,119.813,-0.870,118.955,118.708,-0.542,118.133
07/16/26 13:25,119.960,-0.897,119.021,118.517,-0.292,118.225
07/16/26 13:26,119.347,-0.492,118.842,118.375,-0.075,118.267
07/16/26 13:27,118.977,-0.232,118.753,118.325,0.078,118.403
07/16/26 13:28,118.907,-0.676,118.228,118.317,0.125,118.442
07/16/26 13:29,119.157,-0.729,118.435,118.200,0.220,118.478
07/16/26 13:30,119.800,-0.991,118.820,118.200,0.267,118.475
07/16/26 13:31,119.803,-0.465,119.340,118.283,0.228,118.473
07/16/26 13:32,119.727,-0.100,119.607,118.483,-0.100,118.375
07/16/26 13:33,119.293,0.084,119.367,118.628,-0.353,118.247
07/16/26 13:34,118.860,0.366,119.203,118.450,-0.242,118.183
07/16/26 13:35,118.803,-0.077,118.725,118.275,-0.123,118.177
07/16/26 13:36,119.010,-0.529,118.459,118.233,-0.042,118.200
07/16/26 13:37,119.203,-0.584,118.626,118.117,0.015,118.157
07/16/26 13:38,120.040,-0.447,119.608,118.000,0.000,117.983
07/16/26 13:39,120.170,-0.645,119.554,117.818,0.123,117.920
07/16/26 13:40,119.453,-0.312,119.160,117.758,0.117,117.850
07/16/26 13:41,119.360,0.084,119.443,117.935,-0.185,117.727
07/16/26 13:42,119.367,0.080,119.449,118.025,-0.450,117.575
07/16/26 13:43,119.857,-0.811,119.039,118.080,-0.703,117.388
07/16/26 13:44,119.990,-1.145,118.843,118.008,-0.767,117.250
07/16/26 13:45,119.813,-0.655,119.134,118.020,-0.800,117.220
07/16/26 13:46,120.157,-0.664,119.484,118.025,-0.800,117.258
07/16/26 13:47,119.713,-0.437,119.288,118.158,-0.878,117.280
07/16/26 13:48,119.153,-0.061,119.106,118.200,-0.842,117.358
07/16/26 13:49,119.350,-0.596,118.771,118.142,-0.527,117.615
07/16/26 13:50,119.967,-1.015,118.967,118.183,-0.275,117.850
07/16/26 13:51,120.113,-1.145,118.994,118.358,-0.358,117.995
07/16/26 13:52,120.410,-0.972,119.457,118.483,-0.508,117.942
07/16/26 13:53,120.487,-0.864,119.623,118.477,-0.568,117.900
07/16/26 13:54,120.037,-0.681,119.364,118.217,-0.417,117.783
07/16/26 13:55,119.547,-0.092,119.465,118.200,-0.372,117.773
07/16/26 13:56,119.310,-0.122,119.200,118.208,-0.567,117.575
07/16/26 13:57,119.373,-0.603,118.775,118.118,-0.467,117.652
07/16/26 13:58,119.243,-0.162,119.106,118.042,-0.325,117.658
07/16/26 13:59,119.800,-0.076,119.723,118.025,-0.147,117.857
07/16/26 14:00,120.183,-0.243,119.943,118.100,0.033,118.108
07/16/26 14:01,120.027,-0.302,119.760,118.282,0.097,118.303
07/16/26 14:02,119.407,-0.004,119.426,118.342,0.125,118.433
07/16/26 14:03,119.207,-0.392,118.837,118.420,-0.028,118.373
07/16/26 14:04,120.330,-1.223,119.115,118.417,0.117,118.533
07/16/26 14:05,120.497,-1.532,118.971,118.398,0.155,118.558
07/16/26 14:06,120.690,-0.977,119.707,118.433,0.167,118.575
07/16/26 14:07,120.583,-0.524,120.066,118.400,0.173,118.578
07/16/26 14:08,120.013,0.018,120.038,118.458,0.200,118.667
07/16/26 14:09,119.590,0.030,119.633,118.550,0.128,118.678
07/16/26 14:10,119.613,-0.244,119.342,118.700,0.008,118.708
07/16/26 14:11,120.053,-0.980,119.061,118.890,-0.310,118.600
07/16/26 14:12,120.267,-1.318,118.980,118.892,-0.300,118.567
07/16/26 14:13,120.217,-0.725,119.480,119.000,-0.307,118.652
07/16/26 14:14,120.143,-0.592,119.557,119.058,-0.600,118.425
07/16/26 14:15,119.960,-0.427,119.561,119.048,-0.715,118.333
07/16/26 14:16,120.080,-0.442,119.663,119.067,-0.642,118.425
07/16/26 14:17,119.663,-0.548,119.155,119.133,-0.675,118.478
07/16/26 14:18,119.533,-0.625,118.908,119.308,-0.808,118.500
07/16/26 14:19,119.433,-0.473,118.985,119.322,-0.852,118.470
07/16/26 14:20,119.603,-0.843,118.758,119.417,-1.083,118.333
07/16/26 14:21,119.947,-0.530,119.386,119.442,-1.013,118.462
07/16/26 14:22,119.820,-0.177,119.650,119.433,-0.892,118.483
07/16/26 14:23,120.120,-0.519,119.603,119.342,-0.808,118.537
07/16/26 14:24,119.453,-0.598,118.873,119.183,-0.683,118.542
07/16/26 14:25,119.120,-0.845,118.295,119.133,-0.575,118.578
07/16/26 14:26,119.027,-0.665,118.345,119.158,-0.567,118.625
07/16/26 14:27,119.433,-0.571,118.851,119.180,-0.372,118.808
07/16/26 14:28,120.003,-1.136,118.909,119.200,-0.167,119.008
07/16/26 14:29,119.860,-1.023,118.822,119.253,-0.273,118.958
07/16/26 14:30,119.420,-0.536,118.887,119.200,-0.408,118.817
07/16/26 14:31,119.650,-0.417,119.216,119.142,-0.363,118.800
07/16/26 14:32,120.320,-0.888,119.429,119.217,-0.475,118.708
07/16/26 14:33,119.533,-0.310,119.228,119.222,-0.580,118.642
07/16/26 14:34,119.763,-0.353,119.410,119.083,-0.542,118.542
07/16/26 14:35,119.837,-0.620,119.227,119.000,-0.603,118.363
07/16/26 14:36,119.717,-0.237,119.509,118.967,-0.608,118.325
07/16/26 14:37,120.933,-0.165,120.684,120.022,-0.450,119.538
07/16/26 14:38,122.163,-0.253,121.935,121.158,0.000,121.158
07/16/26 14:39,119.433,-0.514,119.007,121.123,-0.033,121.057
07/16/26 14:40,118.793,-0.961,117.855,120.742,-0.400,120.367
07/16/26 14:41,118.823,-0.563,118.306,120.588,-0.243,120.400
07/16/26 14:42,119.293,-0.307,118.989,120.392,0.183,120.542
07/16/26 14:43,119.833,-0.808,119.025,120.275,0.542,120.802
07/16/26 14:44,119.713,-0.807,118.885,120.225,0.758,120.958
07/16/26 14:45,119.763,-0.623,119.159,120.300,0.825,121.103
07/16/26 14:46,119.667,-0.722,118.956,120.300,1.075,121.375
07/16/26 14:47,119.380,-1.122,118.282,120.325,1.357,121.682
07/16/26 14:48,120.190,-1.675,118.523,120.583,1.425,122.008
07/16/26 14:49,120.263,-1.528,118.748,120.678,1.343,122.022
07/16/26 14:50,119.920,-0.637,119.298,120.817,1.208,122.025
07/16/26 14:51,120.417,-0.830,119.603,120.743,1.382,122.125
07/16/26 14:52,120.150,-0.900,119.257,120.733,1.592,122.292
07/16/26 14:53,120.070,-0.691,119.395,120.810,1.490,122.300
07/16/26 14:54,120.443,-1.205,119.235,120.717,1.492,122.208
07/16/26 14:55,120.390,-0.874,119.491,120.580,1.698,122.278
07/16/26 14:56,120.967,-1.054,119.901,120.508,1.967,122.475
07/16/26 14:57,121.063,-1.113,119.978,120.505,2.075,122.547
07/16/26 14:58,120.527,-0.844,119.694,120.575,2.092,122.667
07/16/26 14:59,120.800,-1.270,119.544,120.422,2.223,122.678
07/16/26 15:00,121.073,-1.973,119.077,120.275,2.450,122.725
07/16/26 15:01,120.550,-1.550,119.016,120.378,2.455,122.833
07/16/26 15:02,120.437,-1.144,119.287,120.300,2.583,122.917
07/16/26 15:03,120.853,-1.134,119.708,120.342,2.630,122.947
07/16/26 15:04,121.247,-0.627,120.623,120.150,2.833,123.000
07/16/26 15:05,120.703,-0.175,120.542,120.235,2.800,123.058
07/16/26 15:06,120.580,-0.458,120.118,120.300,2.917,123.183
07/16/26 15:07,120.490,-1.175,119.339,120.437,2.933,123.345
07/16/26 15:08,120.420,-1.096,119.347,120.475,2.967,123.433
07/16/26 15:09,120.687,-0.840,119.842,120.400,3.045,123.478
07/16/26 15:10,120.807,-0.737,120.084,120.317,3.100,123.442
07/16/26 15:11,121.527,-1.021,120.519,120.117,3.228,123.400
07/16/26 15:12,121.280,-0.772,120.519,119.967,3.375,123.375
07/16/26 15:13,120.763,-0.248,120.535,119.922,3.345,123.300
07/16/26 15:14,120.563,-0.263,120.303,119.625,3.525,123.208
07/16/26 15:15,120.717,-0.824,119.905,119.703,3.293,123.018
07/16/26 15:16,121.187,-1.258,119.902,119.775,3.208,122.983
07/16/26 15:17,121.550,-1.181,120.345,119.795,3.382,123.210
07/16/26 15:18,121.873,-1.299,120.578,119.867,3.492,123.292
07/16/26 15:19,121.487,-0.916,120.552,119.688,3.637,123.358
07/16/26 15:20,120.820,-0.763,120.067,119.675,3.808,123.483
07/16/26 15:21,120.627,-0.205,120.443,119.678,3.972,123.670
07/16/26 15:22,121.043,-0.575,120.437,119.758,4.067,123.792
07/16/26 15:23,121.267,-1.054,120.209,119.742,4.133,123.875
07/16/26 15:24,121.433,-0.792,120.634,119.792,3.975,123.708
07/16/26 15:25,121.253,-0.386,120.864,119.883,3.942,123.803
07/16/26 15:26,121.600,-0.624,120.967,119.883,3.900,123.783
07/16/26 15:27,121.753,-0.723,121.010,119.858,3.842,123.718
07/16/26 15:28,121.253,-0.975,120.299,119.875,3.800,123.642
07/16/26 15:29,121.250,-0.770,120.477,119.825,3.698,123.523
07/16/26 15:30,121.563,-0.920,120.634,119.983,3.475,123.458
07/16/26 15:31,121.580,-1.254,120.331,120.100,3.500,123.600
07/16/26 15:32,121.183,-0.548,120.641,120.100,3.583,123.683
07/16/26 15:33,121.227,0.153,121.368,120.257,3.577,123.858
07/16/26 15:34,120.757,-0.226,120.535,120.325,3.600,123.900
07/16/26 15:35,120.670,-0.664,120.002,120.502,3.380,123.882
07/16/26 15:36,121.230,-0.627,120.619,120.567,3.508,124.075
07/16/26 15:37,122.017,-1.217,120.795,120.542,3.505,124.072
07/16/26 15:38,121.840,-0.783,121.051,120.617,3.358,123.950
07/16/26 15:39,121.713,-0.557,121.161,120.568,3.220,123.797
07/16/26 15:40,121.190,-0.171,121.022,120.683,3.083,123.758
07/16/26 15:41,121.607,-0.078,121.521,120.767,3.195,123.937
07/16/26 15:42,121.283,-0.039,121.232,120.858,3.142,123.992
07/16/26 15:43,121.233,-0.448,120.826,120.822,3.172,124.047
07/16/26 15:44,121.777,-1.211,120.556,120.767,3.358,124.125
07/16/26 15:45,122.363,-1.222,121.140,120.688,3.590,124.303
07/16/26 15:46,121.987,-0.510,121.460,120.850,3.575,124.433
07/16/26 15:47,121.687,-0.402,121.288,120.743,3.690,124.433
07/16/26 15:48,121.487,-0.577,120.923,120.675,3.783,124.458
07/16/26 15:49,120.850,-0.482,120.366,120.600,3.925,124.525
07/16/26 15:50,121.117,-0.751,120.380,120.658,3.858,124.517
07/16/26 15:51,121.287,-1.166,120.083,120.777,3.598,124.375
07/16/26 15:52,121.680,-1.178,120.440,120.933,3.492,124.392
07/16/26 15:53,121.663,-0.441,121.231,120.800,3.677,124.477
07/16/26 15:54,121.733,-0.502,121.234,120.883,3.500,124.417
07/16/26 15:55,121.350,-0.115,121.242,121.020,3.320,124.320
07/16/26 15:56,121.133,-0.298,120.843,121.117,3.200,124.325
07/16/26 15:57,121.333,-0.998,120.385,121.253,3.168,124.400
07/16/26 15:58,121.320,-1.153,120.168,121.108,3.317,124.425
07/16/26 15:59,121.150,-0.885,120.237,121.125,3.297,124.422
07/16/26 16:00,121.573,-0.782,120.806,121.167,3.117,124.283
07/16/26 16:01,121.337,-0.071,121.278,121.065,3.160,124.258
07/16/26 16:02,121.020,-0.348,120.746,120.975,3.442,124.417
07/16/26 16:03,121.713,-1.413,120.314,120.855,3.430,124.305
07/16/26 16:04,121.470,-1.480,120.007,120.825,3.500,124.292
07/16/26 16:05,120.883,-1.140,119.781,120.822,3.453,124.242
07/16/26 16:06,121.030,-1.035,119.986,120.717,3.542,124.258
07/16/26 16:07,121.307,-0.695,120.609,120.727,3.760,124.487
07/16/26 16:08,120.990,-0.337,120.691,120.900,3.475,124.442
07/16/26 16:09,120.873,-0.511,120.385,120.900,3.393,124.322
07/16/26 16:10,121.077,-0.829,120.248,120.775,3.600,124.367
07/16/26 16:11,120.733,-1.062,119.709,120.800,3.533,124.358
07/16/26 16:12,120.810,-0.867,119.986,120.983,3.475,124.458
07/16/26 16:13,121.803,-1.189,120.601,121.182,3.185,124.397
07/16/26 16:14,121.637,-1.211,120.436,121.183,3.208,124.417
07/16/26 16:15,121.243,-0.399,120.847,121.075,3.502,124.602
07/16/26 16:16,120.827,-0.168,120.672,121.058,3.567,124.633
07/16/26 16:17,120.387,-0.175,120.222,121.042,3.580,124.577
07/16/26 16:18,120.953,-0.843,120.122,121.000,3.425,124.450
07/16/26 16:19,121.447,-0.939,120.518,120.863,3.353,124.217
07/16/26 16:20,121.647,-0.802,120.820,120.842,3.083,123.925
07/16/26 16:21,121.483,-0.810,120.655,120.597,3.100,123.663
07/16/26 16:22,121.213,-0.581,120.633,120.433,2.983,123.417
07/16/26 16:23,120.890,-0.599,120.305,120.467,2.772,123.218
07/16/26 16:24,120.383,-0.170,120.216,120.442,2.633,123.075
07/16/26 16:25,121.170,-0.553,120.627,120.230,2.832,123.087
07/16/26 16:26,121.667,-0.947,120.715,120.017,3.158,123.183
07/16/26 16:27,121.470,-1.447,120.070,119.925,3.433,123.333
07/16/26 16:28,121.573,-0.994,120.572,120.000,3.375,123.358
07/16/26 16:29,121.543,-0.314,121.252,120.102,3.147,123.247
07/16/26 16:30,121.327,-0.428,120.902,120.108,3.192,123.325
07/16/26 16:31,120.890,-0.536,120.391,120.105,3.195,123.300
07/16/26 16:32,121.140,-0.613,120.519,120.167,3.075,123.267
07/16/26 16:33,121.163,-0.998,120.192,120.258,2.922,123.222
07/16/26 16:34,121.657,-1.374,120.255,120.383,2.792,123.175
07/16/26 16:35,122.170,-1.199,120.963,120.442,2.835,123.302
07/16/26 16:36,121.973,-0.641,121.317,120.333,3.108,123.458
07/16/26 16:37,121.390,-0.189,121.217,120.400,3.043,123.422
07/16/26 16:38,121.023,-0.315,120.720,120.342,3.083,123.425
07/16/26 16:39,121.002,-0.456,120.566,120.373,3.023,123.388
07/16/26 16:40,121.230,-0.489,120.769,120.333,3.000,123.317
07/16/26 16:41,121.453,-1.019,120.431,120.165,3.077,123.218
07/16/26 16:42,121.660,-1.107,120.572,120.100,2.917,123.017
07/16/26 16:43,121.880,-0.613,121.256,120.060,2.862,122.922
07/16/26 16:44,121.217,0.033,121.255,120.100,2.925,123.050
07/16/26 16:45,120.880,-0.185,120.697,120.185,2.790,122.998
07/16/26 16:46,121.137,-0.066,121.040,120.133,2.835,122.935
07/16/26 16:47,121.007,-0.010,120.977,120.290,2.767,123.057
07/16/26 16:48,107.717,1.194,108.844,87.222,5.442,92.642
07/16/26 16:49,83.900,0.540,84.473,80.483,1.853,82.280
07/16/26 16:50,81.120,-0.683,80.440,79.667,2.175,81.842
07/16/26 16:51,80.477,0.160,80.607,79.652,2.267,81.925
07/16/26 16:52,79.953,0.423,80.403,79.633,2.417,82.083
07/16/26 16:53,80.597,-0.300,80.310,79.658,2.553,82.233
07/16/26 16:54,80.810,-0.731,80.099,79.700,2.558,82.258
07/16/26 16:55,81.423,-1.000,80.460,79.675,2.625,82.300
07/16/26 16:56,81.517,-0.523,80.944,79.600,2.725,82.325
07/16/26 16:57,80.997,-0.011,81.014,79.522,2.903,82.425
07/16/26 16:58,80.997,-0.363,80.619,79.650,2.800,82.475
07/16/26 16:59,79.983,0.194,80.195,79.753,2.567,82.322
07/16/26 17:00,79.983,-0.183,79.781,79.675,2.625,82.267
07/16/26 17:01,80.693,-0.684,79.999,79.678,2.588,82.267
07/16/26 17:02,81.037,-0.809,80.224,79.842,2.450,82.292
07/16/26 17:03,80.980,-0.271,80.713,79.947,2.350,82.297
07/16/26 17:04,80.953,-0.235,80.700,80.092,2.017,82.142
07/16/26 17:05,80.413,0.239,80.679,80.075,2.135,82.177
07/16/26 17:06,80.360,0.748,81.107,80.067,2.167,82.225
07/16/26 17:07,80.310,0.045,80.334,80.000,2.278,82.300
07/16/26 17:08,80.210,0.167,80.365,80.000,2.417,82.450
07/16/26 17:09,80.367,-0.012,80.355,79.868,2.495,82.363
07/16/26 17:10,80.907,-0.483,80.419,79.933,2.542,82.450
07/16/26 17:11,80.769,-0.294,80.460,79.875,2.752,82.628
07/16/26 17:12,80.753,0.175,80.922,79.858,2.667,82.567
07/16/26 17:13,80.293,0.407,80.712,79.933,2.668,82.550
07/16/26 17:14,80.150,0.346,80.498,79.875,2.417,82.258
07/16/26 17:15,80.257,0.373,80.648,79.878,2.247,82.125
07/16/26 17:16,80.530,-0.259,80.281,79.842,2.425,82.233
07/16/26 17:17,80.533,-0.046,80.480,79.780,2.420,82.200
07/16/26 17:18,80.290,0.077,80.382,79.800,2.367,82.133
07/16/26 17:19,80.167,-0.194,79.980,79.722,2.297,82.018
07/16/26 17:20,79.823,0.337,80.164,79.725,2.325,82.050
07/16/26 17:21,80.223,0.259,80.470,79.800,2.457,82.237
07/16/26 17:22,80.393,-0.309,80.099,79.858,2.358,82.242
07/16/26 17:23,80.300,-0.619,79.707,79.875,2.303,82.200
07/16/26 17:24,80.427,-0.203,80.218,79.742,2.458,82.225
07/16/26 17:25,80.797,-0.015,80.773,79.778,2.422,82.163
07/16/26 17:26,80.873,-0.088,80.791,79.800,2.283,82.075
07/16/26 17:27,80.333,-0.244,80.108,79.723,2.225,81.982
07/16/26 17:28,79.697,-0.058,79.655,79.792,2.233,82.025
07/16/26 17:29,79.523,-0.468,79.065,79.780,2.275,82.075
07/16/26 17:30,79.403,-0.869,78.543,79.800,2.242,81.975
07/16/26 17:31,79.947,-1.095,78.818,79.742,2.080,81.822
07/16/26 17:32,79.800,-0.505,79.269,79.675,2.125,81.742
07/16/26 17:33,80.190,-0.444,79.710,79.625,2.200,81.802
07/16/26 17:34,80.097,-0.306,79.780,79.642,1.950,81.625
07/16/26 17:35,80.173,-0.464,79.728,79.600,1.897,81.477
07/16/26 17:36,80.203,-0.763,79.466,79.575,1.683,81.283
07/16/26 17:37,80.130,-1.138,78.988,79.533,1.650,81.205
07/16/26 17:38,80.453,-0.750,79.662,79.625,1.550,81.175
07/16/26 17:39,80.280,-0.331,79.957,79.575,1.702,81.225
07/16/26 17:40,80.333,0.021,80.357,79.500,1.583,81.117
07/16/26 17:41,79.867,0.173,80.051,79.455,1.620,81.095
07/16/26 17:42,79.790,0.023,79.811,79.283,1.742,81.025
07/16/26 17:43,79.947,-0.120,79.831,79.278,1.925,81.178
07/16/26 17:44,79.990,-0.321,79.687,79.267,2.033,81.267
07/16/26 17:45,80.510,-0.335,80.163,79.223,2.043,81.243
07/16/26 17:46,80.537,-0.936,79.630,79.267,1.942,81.208
07/16/26 17:47,80.023,-0.561,79.517,79.155,2.118,81.253
07/16/26 17:48,80.220,-0.344,79.872,79.100,2.217,81.283
07/16/26 17:49,80.297,-0.495,79.805,79.178,2.045,81.243
07/16/26 17:50,79.880,-0.180,79.710,79.233,1.917,81.175
07/16/26 17:51,79.617,0.149,79.748,79.225,1.775,81.022
07/16/26 17:52,80.653,-0.383,80.277,79.217,1.667,80.908
07/16/26 17:53,80.730,-0.541,80.195,79.150,1.727,80.882
07/16/26 17:54,80.900,-0.761,80.166,79.267,1.692,80.958
07/16/26 17:55,80.443,-0.375,80.100,79.242,1.803,81.078
07/16/26 17:56,80.010,-0.106,79.940,79.017,2.083,81.100
07/16/26 17:57,79.903,0.000,79.899,79.025,2.120,81.178
07/16/26 17:58,80.387,-0.407,79.952,79.217,2.008,81.225
07/16/26 17:59,79.923,-0.257,79.682,79.437,1.917,81.333
07/16/26 18:00,79.993,-0.094,79.930,79.550,1.658,81.208
07/16/26 18:01,80.530,-0.341,80.155,79.803,1.430,81.233
07/16/26 18:02,80.353,0.173,80.553,80.108,1.117,81.225
07/16/26 18:03,80.127,0.327,80.470,80.175,1.067,81.222
07/16/26 18:04,80.007,-0.163,79.863,80.100,1.125,81.225
07/16/26 18:05,80.543,-0.245,80.290,80.125,1.155,81.280
07/16/26 18:06,80.390,-0.049,80.347,80.167,1.192,81.358
07/16/26 18:07,80.760,-0.359,80.413,80.097,1.225,81.322
07/16/26 18:08,80.613,-0.443,80.180,79.942,1.325,81.300
07/16/26 18:09,80.407,0.069,80.484,79.900,1.400,81.300
07/16/26 18:10,79.963,0.246,80.218,79.992,1.400,81.392
07/16/26 18:11,80.040,0.181,80.220,80.000,1.635,81.582
07/16/26 18:12,79.987,-0.610,79.405,79.875,1.700,81.608
07/16/26 18:13,80.403,-0.403,80.039,79.900,1.803,81.703
07/16/26 18:14,81.187,-0.351,80.871,79.925,2.025,81.975
07/16/26 18:15,81.060,-0.415,80.627,79.942,2.053,82.075
07/16/26 18:16,80.520,-0.075,80.452,79.933,1.908,81.883
07/16/26 18:17,80.347,0.107,80.425,79.945,1.855,81.775
07/16/26 18:18,80.537,-0.290,80.253,79.967,1.775,81.700
07/16/26 18:19,80.343,-0.390,79.978,80.000,1.700,81.700
07/16/26 18:20,80.887,-0.801,80.112,79.883,1.700,81.583
07/16/26 18:21,81.270,-0.740,80.522,79.800,1.725,81.500
07/16/26 18:22,80.937,-0.172,80.750,79.858,1.708,81.558
07/16/26 18:23,80.890,-0.019,80.877,79.900,1.700,81.625
07/16/26 18:24,80.427,0.008,80.472,79.900,1.767,81.642
07/16/26 18:25,80.163,-0.147,80.005,79.817,1.862,81.678
07/16/26 18:26,79.927,-0.441,79.489,79.750,2.008,81.758
07/16/26 18:27,80.470,-0.714,79.741,79.900,1.893,81.800
07/16/26 18:28,80.447,-0.524,79.950,79.900,1.775,81.683
07/16/26 18:29,80.327,-0.055,80.267,79.920,1.700,81.620
07/16/26 18:30,80.010,0.053,80.073,79.900,1.758,81.658
07/16/26 18:31,79.990,-0.193,79.798,79.842,1.800,81.642
07/16/26 18:32,80.240,-0.807,79.435,79.950,1.558,81.567
07/16/26 18:33,79.847,-0.848,79.047,79.872,1.603,81.522
07/16/26 18:34,79.900,-0.820,79.100,79.642,1.850,81.500
07/16/26 18:35,80.220,-0.554,79.641,79.600,1.900,81.533
07/16/26 18:36,79.977,-0.251,79.706,79.600,1.925,81.500
07/16/26 18:37,79.753,0.009,79.742,79.542,1.822,81.340
07/16/26 18:38,79.810,-0.042,79.784,79.475,1.667,81.167
07/16/26 18:39,79.957,-0.492,79.492,79.347,1.758,81.122
07/16/26 18:40,79.490,-0.258,79.210,79.333,1.800,81.100
07/16/26 18:41,80.133,-0.564,79.579,79.347,1.643,80.968
07/16/26 18:42,80.407,-0.517,79.890,79.308,1.567,80.875
07/16/26 18:43,80.240,-0.257,79.961,79.197,1.762,80.978
07/16/26 18:44,80.213,0.224,80.464,79.133,1.933,81.067
07/16/26 18:45,80.173,-0.123,80.026,79.075,1.900,80.942
07/16/26 18:46,79.930,0.076,80.006,79.000,1.967,80.967
07/16/26 18:47,80.177,-0.951,79.195,79.058,1.823,80.900
07/16/26 18:48,80.247,-1.023,79.225,78.983,1.925,80.900
07/16/26 18:49,80.130,-0.482,79.699,78.978,1.875,80.875
07/16/26 18:50,80.303,-0.420,79.908,79.000,1.775,80.742
07/16/26 18:51,79.843,-0.280,79.523,79.025,1.798,80.823
07/16/26 18:52,79.840,-0.028,79.804,79.158,1.708,80.875
07/16/26 18:53,80.187,-0.317,79.872,79.243,1.605,80.800
07/16/26 18:54,79.993,-0.543,79.457,79.208,1.692,80.892
07/16/26 18:55,80.047,-0.113,79.979,79.225,1.642,80.900
07/16/26 18:56,80.643,-0.284,80.378,79.267,1.633,80.900
07/16/26 18:57,80.873,-1.006,79.892,79.378,1.418,80.797
07/16/26 18:58,80.620,-0.530,80.101,79.400,1.333,80.733
07/16/26 18:59,79.713,0.020,79.732,79.420,1.383,80.803
07/16/26 19:00,80.463,-0.213,80.300,79.400,1.467,80.900
07/16/26 19:01,80.140,-0.763,79.387,79.453,1.368,80.822
07/16/26 19:02,80.013,-0.473,79.529,79.525,1.308,80.833
07/16/26 19:03,80.973,-0.611,80.395,79.578,1.188,80.800
07/16/26 19:04,81.487,-0.776,80.676,79.600,1.267,80.892
07/16/26 19:05,81.213,-0.442,80.786,79.620,1.225,80.900
07/16/26 19:06,80.520,-0.225,80.305,79.600,1.267,80.900
07/16/26 19:07,80.540,0.321,80.901,79.658,1.242,80.918
07/16/26 19:08,80.170,0.185,80.374,79.758,1.167,80.925
07/16/26 19:09,80.247,-0.147,80.091,79.668,1.312,80.980
07/16/26 19:10,80.537,-0.311,80.240,79.700,1.333,81.033
07/16/26 19:11,81.247,-0.757,80.510,79.700,1.402,81.102
07/16/26 19:12,81.170,-0.295,80.864,79.700,1.500,81.200
07/16/26 19:13,80.530,0.489,81.024,79.700,1.423,81.157
07/16/26 19:14,80.207,0.432,80.649,79.700,1.483,81.217
07/16/26 19:15,80.550,-0.136,80.447,79.837,1.463,81.247
07/16/26 19:16,81.210,-0.359,80.865,79.900,1.400,81.275
07/16/26 19:17,80.693,-0.293,80.467,79.875,1.322,81.200
07/16/26 19:18,80.883,-0.166,80.708,79.825,1.342,81.150
07/16/26 19:19,80.563,-0.096,80.454,79.920,1.147,81.045
07/16/26 19:20,80.317,0.001,80.319,79.900,1.175,81.108
07/16/26 19:21,80.337,-0.188,80.171,80.035,1.008,81.043
07/16/26 19:22,80.163,-0.295,79.896,80.042,0.875,80.950
07/16/26 19:23,80.010,-0.223,79.840,80.103,0.850,80.920
07/16/26 19:24,80.580,-0.705,79.864,80.108,0.700,80.808
07/16/26 19:25,80.877,-0.643,80.243,80.178,0.725,80.878
07/16/26 19:26,81.417,-0.361,81.025,80.108,0.892,80.992
07/16/26 19:27,80.883,-0.117,80.779,80.100,0.950,81.050
07/16/26 19:28,80.770,0.154,80.932,80.042,1.175,81.250
07/16/26 19:29,80.013,-0.215,79.812,80.078,1.355,81.400
07/16/26 19:30,80.313,-0.739,79.561,80.008,1.442,81.517
07/16/26 19:31,80.710,-0.814,79.894,80.000,1.600,81.575
07/16/26 19:32,80.820,-0.636,80.176,79.908,1.533,81.500
07/16/26 19:33,80.747,-0.328,80.428,80.003,1.472,81.455
07/16/26 19:34,79.887,0.387,80.297,80.050,1.217,81.258
07/16/26 19:35,79.427,0.294,79.677,79.900,1.022,80.943
07/16/26 19:36,79.770,0.152,79.937,79.900,0.942,80.842
07/16/26 19:37,80.240,-0.531,79.731,79.842,0.763,80.605
07/16/26 19:38,80.270,-0.946,79.354,79.892,0.642,80.500
07/16/26 19:39,80.470,-0.303,80.179,79.907,0.517,80.423
07/16/26 19:40,81.113,-0.239,80.846,79.825,0.575,80.367
07/16/26 19:41,80.133,-0.031,80.130,79.725,0.675,80.458
07/16/26 19:42,79.640,0.340,80.008,79.742,0.717,80.500
07/16/26 19:43,79.890,-0.136,79.753,79.597,0.982,80.603
07/16/26 19:44,80.317,-0.591,79.746,79.567,1.058,80.667
07/16/26 19:45,80.887,-1.059,79.854,79.467,1.233,80.700
07/16/26 19:46,80.643,-0.699,79.972,79.433,1.175,80.608
07/16/26 19:47,80.570,-0.713,79.929,79.603,0.918,80.522
07/16/26 19:48,80.057,-0.035,80.055,79.558,0.942,80.500
07/16/26 19:49,80.083,-0.265,79.863,79.367,1.153,80.520
07/16/26 19:50,80.210,-0.911,79.299,79.492,0.975,80.467
07/16/26 19:51,80.183,-0.646,79.529,79.523,0.837,80.337
07/16/26 19:52,80.303,-0.669,79.629,79.508,0.773,80.315
07/16/26 19:53,80.287,-0.154,80.148,79.472,0.900,80.372
07/16/26 19:54,73.753,0.708,74.363,57.607,3.713,61.320
07/16/26 19:55,47.415,1.511,49.059,37.558,1.878,39.472
07/16/26 19:56,38.780,0.622,39.383,37.982,0.753,38.735
07/16/26 19:57,38.707,0.634,39.348,38.000,0.900,38.900
07/16/26 19:58,38.793,-0.100,38.690,38.025,0.808,38.875
07/16/26 19:59,38.880,-0.190,38.691,38.100,0.722,38.858
07/16/26 20:00,39.117,0.257,39.442,38.100,0.700,38.867
07/16/26 20:01,39.160,-0.123,39.050,38.158,0.642,38.798
07/16/26 20:02,38.687,-0.290,38.404,38.200,0.600,38.758
07/16/26 20:03,38.587,0.133,38.717,38.175,0.625,38.800
07/16/26 20:04,38.883,-0.151,38.767,38.100,0.667,38.800
07/16/26 20:05,39.077,-0.542,38.529,38.100,0.725,38.800
07/16/26 20:06,39.350,-1.025,38.294,38.100,0.800,38.892
07/16/26 20:07,39.570,-0.758,38.806,38.055,0.845,38.900
07/16/26 20:08,39.077,0.022,39.083,38.000,1.025,38.958
07/16/26 20:09,38.657,0.485,39.141,37.975,1.000,38.922
07/16/26 20:10,39.147,-0.049,39.070,37.900,1.025,38.925
07/16/26 20:11,38.657,0.005,38.651,37.978,1.047,39.025
07/16/26 20:12,38.603,-0.013,38.558,38.000,1.125,39.133
07/16/26 20:13,38.507,0.035,38.566,37.922,1.200,39.100
07/16/26 20:14,39.143,-0.301,38.853,38.017,1.108,39.100
07/16/26 20:15,38.990,-0.117,38.920,38.125,0.997,39.100
07/16/26 20:16,38.377,0.153,38.517,38.200,0.958,39.125
07/16/26 20:17,38.280,0.663,38.966,38.278,0.955,39.253
07/16/26 20:18,38.670,0.420,39.090,38.300,0.925,39.225
07/16/26 20:19,38.500,0.133,38.635,38.358,0.922,39.222
07/16/26 20:20,38.670,0.164,38.832,38.425,0.783,39.200
07/16/26 20:21,38.497,0.591,39.093,38.475,0.802,39.277
07/16/26 20:22,38.840,0.959,39.815,38.308,1.050,39.392
07/16/26 20:23,39.303,0.158,39.446,38.300,1.118,39.393
07/16/26 20:24,38.473,0.321,38.835,38.300,1.058,39.358
07/16/26 20:25,38.060,0.750,38.811,38.300,1.155,39.400
07/16/26 20:26,38.147,0.365,38.509,38.300,1.133,39.400
07/16/26 20:27,38.740,-0.058,38.669,38.377,1.100,39.443
07/16/26 20:28,38.797,-0.063,38.733,38.517,0.892,39.408
07/16/26 20:29,39.070,0.042,39.121,38.542,0.877,39.433
07/16/26 20:30,39.390,-0.158,39.240,38.500,0.933,39.400
07/16/26 20:31,38.677,0.424,39.038,38.475,0.875,39.317
07/16/26 20:32,38.283,0.313,38.662,38.375,0.883,39.292
07/16/26 20:33,38.490,0.082,38.545,38.300,1.000,39.300
07/16/26 20:34,38.513,0.333,38.820,38.183,1.083,39.242
07/16/26 20:35,39.007,0.122,39.111,37.947,1.252,39.175
07/16/26 20:36,39.207,-0.330,38.880,37.900,1.142,39.042
07/16/26 20:37,38.370,0.317,38.725,37.875,1.100,39.000
07/16/26 20:38,38.570,0.194,38.783,37.800,1.167,38.975
07/16/26 20:39,38.817,0.156,38.947,37.853,0.993,38.822
07/16/26 20:40,38.277,0.061,38.353,37.742,1.125,38.833
07/16/26 20:41,37.933,-0.168,37.840,37.667,1.175,38.820
07/16/26 20:42,38.670,-0.534,38.202,37.675,1.133,38.775
07/16/26 20:43,38.477,0.364,38.926,37.653,1.125,38.778
07/16/26 20:44,38.327,0.760,39.090,37.575,1.200,38.767
07/16/26 20:45,38.307,0.311,38.622,37.500,1.337,38.858
07/16/26 20:46,38.157,0.207,38.415,37.500,1.311,38.856
07/16/26 20:47,38.163,0.231,38.466,37.576,1.200,38.757
07/16/26 20:48,38.113,0.134,38.272,37.600,1.200,38.800
07/16/26 20:49,38.480,0.056,38.583,37.575,1.225,38.780
07/16/26 20:50,38.780,0.262,39.051,37.500,1.150,38.617
07/16/26 20:51,39.073,0.231,39.307,37.500,1.022,38.522
07/16/26 20:52,38.067,0.722,38.785,37.417,1.017,38.433
07/16/26 20:53,37.257,0.525,37.785,37.325,1.175,38.500
07/16/26 20:54,37.627,0.109,37.737,37.308,1.075,38.383
07/16/26 20:55,38.147,-0.607,37.628,37.300,1.000,38.300
07/16/26 20:56,38.667,-0.327,38.414,37.392,0.875,38.233
07/16/26 20:57,38.580,-0.039,38.556,37.418,0.848,38.300
07/16/26 20:58,38.490,-0.018,38.479,37.425,0.867,38.300
07/16/26 20:59,38.430,0.350,38.840,37.558,0.802,38.300
07/16/26 21:00,38.357,0.581,38.911,37.692,0.708,38.392
07/16/26 21:01,38.423,0.216,38.690,37.675,0.705,38.380
07/16/26 21:02,38.570,-0.399,38.188,37.567,0.975,38.508
07/16/26 21:03,39.087,-0.564,38.516,37.600,1.022,38.622
07/16/26 21:04,39.037,0.009,39.011,37.600,1.025,38.658
07/16/26 21:05,38.937,0.140,39.053,37.703,1.075,38.778
07/16/26 21:06,38.737,0.521,39.289,37.800,0.967,38.767
07/16/26 21:07,38.907,0.909,39.788,37.800,1.078,38.825
07/16/26 21:08,38.860,0.204,39.062,37.883,1.042,38.925
07/16/26 21:09,38.930,-0.059,38.873,38.045,0.818,38.897
07/16/26 21:10,38.660,0.010,38.697,38.192,0.667,38.858
07/16/26 21:11,39.200,0.114,39.328,38.200,0.700,38.900
07/16/26 21:12,39.200,-0.201,39.038,38.225,0.700,38.925
07/16/26 21:13,38.387,0.022,38.476,38.325,0.675,39.033
07/16/26 21:14,38.333,0.480,38.834,38.433,0.600,39.058
07/16/26 21:15,38.653,0.090,38.754,38.453,0.575,39.050
07/16/26 21:16,38.437,-0.062,38.372,38.375,0.583,38.992
07/16/26 21:17,38.680,-0.089,38.664,38.300,0.777,39.077
07/16/26 21:18,38.800,0.184,38.983,38.300,0.858,39.158
07/16/26 21:19,39.243,0.634,39.892,38.300,0.958,39.233
07/16/26 21:20,39.320,0.492,39.783,38.183,1.000,39.200
07/16/26 21:21,39.120,0.565,39.690,38.153,1.025,39.200
07/16/26 21:22,38.820,0.149,38.976,38.067,1.100,39.200
07/16/26 21:23,38.650,0.038,38.636,38.178,1.022,39.200
07/16/26 21:24,38.627,-0.181,38.499,38.225,0.942,39.167
07/16/26 21:25,39.083,-0.138,38.933,38.300,0.823,39.123
07/16/26 21:26,39.283,0.410,39.691,38.300,0.800,39.100
07/16/26 21:27,39.167,0.218,39.398,38.378,0.755,39.133
07/16/26 21:28,38.653,0.551,39.213,38.458,0.700,39.192
07/16/26 21:29,38.210,0.506,38.705,38.552,0.667,39.200
07/16/26 21:30,38.163,0.338,38.492,38.500,0.700,39.200
07/16/26 21:31,38.510,0.260,38.786,38.447,0.778,39.233
07/16/26 21:32,38.637,0.504,39.134,38.408,0.858,39.258
07/16/26 21:33,38.783,0.386,39.164,38.375,0.900,39.222
07/16/26 21:34,38.540,0.890,39.418,38.300,0.842,39.142
07/16/26 21:35,38.050,1.034,39.060,38.222,0.825,39.022
07/16/26 21:36,37.953,0.606,38.485,38.108,0.992,39.092
07/16/26 21:37,37.680,0.433,38.116,38.100,1.000,39.075
07/16/26 21:38,38.080,-0.379,37.694,38.008,0.883,38.942
07/16/26 21:39,38.006,0.162,38.194,38.000,0.800,38.822
07/16/26 21:40,38.157,0.697,38.873,38.000,0.858,38.800
07/16/26 21:41,38.283,0.506,38.745,37.923,0.875,38.793
07/16/26 21:42,38.260,0.459,38.683,37.900,0.858,38.792
07/16/26 21:43,38.453,-0.032,38.427,37.875,0.823,38.698
07/16/26 21:44,37.743,0.490,38.243,37.800,0.683,38.508
07/16/26 21:45,38.410,0.068,38.537,37.742,0.720,38.500
07/16/26 21:46,39.053,-0.259,38.796,37.700,0.800,38.500
07/16/26 21:47,38.437,0.048,38.476,37.667,0.800,38.475
07/16/26 21:48,38.413,0.411,38.811,37.667,0.742,38.400
07/16/26 21:49,38.583,0.091,38.680,37.642,0.783,38.425
07/16/26 21:50,38.023,0.540,38.548,37.658,0.933,38.525
07/16/26 21:51,37.803,0.437,38.264,37.700,0.958,38.633
07/16/26 21:52,38.273,-0.235,38.053,37.725,0.975,38.667
07/16/26 21:53,38.767,-0.464,38.323,37.722,0.900,38.600
07/16/26 21:54,38.763,-0.065,38.720,37.700,0.808,38.542
07/16/26 21:55,38.667,0.112,38.805,37.622,0.825,38.467
07/16/26 21:56,38.360,0.228,38.603,37.658,0.725,38.350
07/16/26 21:57,38.003,0.134,38.163,37.598,0.677,38.300
07/16/26 21:58,38.440,-0.307,38.130,37.617,0.675,38.300
07/16/26 21:59,38.630,-0.506,38.116,37.647,0.678,38.300
07/16/26 22:00,38.797,-0.343,38.458,37.792,0.633,38.392
07/16/26 22:01,38.450,0.225,38.659,37.858,0.647,38.503
07/16/26 22:02,38.520,0.285,38.827,37.992,0.633,38.600
07/16/26 22:03,38.443,0.597,39.049,37.923,0.752,38.677
07/16/26 22:04,38.273,0.678,38.955,37.967,0.667,38.608
07/16/26 22:05,38.150,0.095,38.224,37.900,0.675,38.600
07/16/26 22:06,38.517,-0.411,38.127,37.900,0.633,38.567
07/16/26 22:07,38.963,-0.356,38.618,37.977,0.600,38.600
07/16/26 22:08,39.700,-0.424,39.260,37.908,0.717,38.650
07/16/26 22:09,39.427,-0.191,39.254,38.037,0.775,38.825
07/16/26 22:10,38.173,1.082,39.244,38.133,0.758,38.900
07/16/26 22:11,38.343,0.717,39.049,38.178,0.722,38.933
07/16/26 22:12,38.987,-0.296,38.708,38.225,0.758,38.958
07/16/26 22:13,38.737,0.055,38.792,38.223,0.748,38.948
07/16/26 22:14,39.230,0.001,39.192,38.200,0.800,39.000
07/16/26 22:15,39.157,0.105,39.292,38.277,0.742,39.018
07/16/26 22:16,39.180,0.263,39.442,38.233,0.700,38.967
07/16/26 22:17,38.640,0.848,39.526,38.282,0.752,39.000
07/16/26 22:18,38.393,0.667,39.059,38.275,0.725,39.000
07/16/26 22:19,38.713,0.044,38.776,38.278,0.853,39.078
07/16/26 22:20,38.857,-0.038,38.844,38.300,0.892,39.167
07/16/26 22:21,38.883,-0.110,38.773,38.300,0.768,39.022
07/16/26 22:22,39.103,-0.058,39.038,38.267,0.858,39.092
07/16/26 22:23,39.030,0.056,39.071,38.267,0.855,39.100
07/16/26 22:24,38.567,0.378,38.974,38.300,0.733,39.067
07/16/26 22:25,38.480,0.380,38.827,38.353,0.722,39.100
07/16/26 22:26,37.917,0.303,38.228,38.325,0.642,38.983
07/16/26 22:27,37.823,0.260,38.105,38.400,0.580,38.933
07/16/26 22:28,38.613,0.061,38.681,38.375,0.542,38.908
07/16/26 22:29,39.157,0.041,39.220,38.333,0.467,38.800
07/16/26 22:30,39.017,0.211,39.236,38.208,0.617,38.858
07/16/26 22:31,38.473,0.598,39.080,38.200,0.700,38.900
07/16/26 22:32,38.057,1.094,39.108,38.142,0.700,38.808
07/16/26 22:33,38.353,0.762,39.104,38.100,0.778,38.878
07/16/26 22:34,38.407,0.242,38.652,38.100,0.742,38.867
07/16/26 22:35,38.283,0.158,38.446,38.075,0.745,38.847
07/16/26 22:36,38.363,-0.163,38.178,38.067,0.742,38.750
07/16/26 22:37,38.267,0.171,38.460,38.020,0.597,38.617
07/16/26 22:38,38.240,0.725,38.965,37.975,0.617,38.525
07/16/26 22:39,38.243,0.490,38.706,37.900,0.675,38.600
07/16/26 22:40,38.050,0.330,38.382,37.875,0.625,38.542
07/16/26 22:41,37.753,0.467,38.250,37.697,0.758,38.475
07/16/26 22:42,37.977,0.603,38.605,37.633,0.733,38.400
07/16/26 22:43,38.000,0.190,38.200,37.600,0.723,38.323
07/16/26 22:44,38.273,0.031,38.300,37.575,0.700,38.275
07/16/26 22:45,37.880,0.519,38.406,37.455,0.720,38.175
07/16/26 22:46,37.633,0.694,38.343,37.433,0.700,38.133
07/16/26 22:47,37.663,0.481,38.166,37.400,0.733,38.133
07/16/26 22:48,38.603,0.094,38.705,37.408,0.725,38.192
07/16/26 22:49,38.873,-0.232,38.656,37.378,0.775,38.175
07/16/26 22:50,38.457,-0.295,38.143,37.400,0.883,38.283
07/16/26 22:51,38.210,0.292,38.502,37.400,0.920,38.300
07/16/26 22:52,38.137,0.429,38.544,37.492,0.900,38.392
07/16/26 22:53,38.300,0.239,38.521,37.500,0.877,38.322
07/16/26 22:54,38.237,-0.020,38.214,37.558,0.800,38.358
07/16/26 22:55,37.910,0.274,38.198,37.623,0.777,38.400
07/16/26 22:56,38.223,0.398,38.617,37.700,0.675,38.375
07/16/26 22:57,38.487,0.483,38.981,37.773,0.527,38.300
07/16/26 22:58,38.777,0.218,38.995,37.800,0.533,38.272
07/16/26 22:59,29.127,4.276,33.399,33.697,7.178,40.837
07/16/26 23:00,16.940,55.162,72.245,19.825,109.720,129.513
_, , , , , , 
Min,-0.866,-1.973,-0.381,-0.300,-2.752,-0.975
Date,07/16,07/16,07/16,07/16,07/16,07/16
Time,08:30,15:00,08:35,08:55,09:33,08:55
Max,182.707,55.162,181.530,186.274,109.720,185.917
Date,07/16,07/16,07/16,07/16,07/16,07/16
Time,12:07,23:00,11:30,09:10,23:00,09:10
AVG,101.484,-0.151,101.339,100.727,1.041,101.766
Num,901,901,901,900,900,900
Data[%],100.0,100.0,100.0,99.9,99.9,99.9
STD,57.2,2.9,56.8,56.9,4.5,56.6
