Date Time,NO_UNAL,NO2_UNAL,NOx_UNAL,NO (Invitado1),NO2 (Invitado1),NOx (Invitado1)
 ,ppb,ppb,ppb,ppb,ppb,ppb
07/16/26 23:00,16.940,55.162,72.245,19.825,109.720,129.513
07/16/26 23:01,24.262,132.180,156.143,26.400,148.900,175.283
07/16/26 23:02,29.773,153.466,183.160,29.652,154.652,184.370
07/16/26 23:03,32.003,154.277,186.264,29.983,154.875,184.850
07/16/26 23:04,33.137,154.189,187.323,30.328,154.818,185.105
07/16/26 23:05,33.460,154.045,187.498,30.675,154.625,185.300
07/16/26 23:06,33.483,153.956,187.482,31.033,154.667,185.700
07/16/26 23:07,33.580,154.204,187.751,31.508,154.550,186.058
07/16/26 23:08,33.580,154.353,187.949,31.908,154.635,186.532
07/16/26 23:09,33.920,154.079,187.980,32.267,154.600,186.892
07/16/26 23:10,33.623,154.161,187.804,32.550,154.417,187.035
07/16/26 23:11,34.413,154.037,188.451,32.623,154.477,187.100
07/16/26 23:12,35.130,153.448,188.569,32.700,154.532,187.232
07/16/26 23:13,34.714,154.139,188.870,32.800,154.458,187.292
07/16/26 23:14,34.263,154.461,188.730,32.958,154.483,187.442
07/16/26 23:15,34.190,154.198,188.421,33.078,154.230,187.322
07/16/26 23:16,34.387,154.021,188.421,33.075,154.317,187.383
07/16/26 23:17,34.827,153.851,188.676,33.103,154.322,187.467
07/16/26 23:18,34.680,153.811,188.515,33.200,154.217,187.417
07/16/26 23:19,34.490,154.721,189.203,33.225,154.212,187.457
07/16/26 23:20,34.630,154.535,189.136,33.300,154.233,187.467
07/16/26 23:21,34.380,154.430,188.826,33.275,154.382,187.623
07/16/26 23:22,34.050,154.363,188.390,33.225,154.500,187.758
07/16/26 23:23,34.693,153.863,188.545,33.358,154.457,187.800
07/16/26 23:24,34.897,153.608,188.524,33.400,154.342,187.767
07/16/26 23:25,35.093,153.456,188.527,33.445,154.515,187.962
07/16/26 23:26,34.900,153.658,188.559,33.500,154.542,188.075
07/16/26 23:27,34.507,154.138,188.650,33.500,154.467,187.967
07/16/26 23:28,34.113,154.151,188.273,33.500,154.442,187.942
07/16/26 23:29,34.043,153.936,187.956,33.422,154.453,187.875
07/16/26 23:30,34.390,153.523,187.904,33.317,154.417,187.758
07/16/26 23:31,34.533,153.434,187.996,33.142,154.678,187.842
07/16/26 23:32,34.220,153.789,188.010,33.100,154.483,187.617
07/16/26 23:33,34.097,153.879,187.964,33.055,154.657,187.678
07/16/26 23:34,34.270,154.033,188.305,32.975,154.617,187.558
07/16/26 23:35,33.557,154.642,188.216,32.848,154.578,187.427
07/16/26 23:36,33.213,154.406,187.596,32.842,154.517,187.367
07/16/26 23:37,33.510,153.725,187.252,32.755,154.678,187.412
07/16/26 23:38,34.227,153.903,188.132,32.733,154.792,187.525
07/16/26 23:39,34.300,153.958,188.269,32.675,154.638,187.280
07/16/26 23:40,34.400,153.579,187.972,32.542,154.525,187.100
07/16/26 23:41,34.077,153.809,187.884,32.500,154.600,187.100
07/16/26 23:42,33.147,154.337,187.491,32.475,154.533,187.033
07/16/26 23:43,33.417,154.137,187.550,32.400,154.652,187.075
07/16/26 23:44,33.563,154.104,187.697,32.375,154.400,186.717
07/16/26 23:45,33.470,154.176,187.648,32.222,154.147,186.322
07/16/26 23:46,33.890,154.019,187.898,32.200,154.250,186.475
07/16/26 23:47,34.037,153.787,187.823,32.122,154.322,186.488
07/16/26 23:48,34.113,154.047,188.150,32.133,154.242,186.408
07/16/26 23:49,33.153,154.610,187.744,32.133,154.218,186.375
07/16/26 23:50,32.880,154.447,187.297,32.192,153.958,186.117
07/16/26 23:51,33.483,153.745,187.223,32.200,154.008,186.208
07/16/26 23:52,33.473,153.677,187.179,32.350,154.150,186.500
07/16/26 23:53,34.283,153.514,187.840,32.458,154.070,186.495
07/16/26 23:54,34.820,153.647,188.486,32.558,153.917,186.508
07/16/26 23:55,34.593,153.741,188.324,32.677,153.782,186.458
07/16/26 23:56,34.023,154.310,188.337,32.700,153.917,186.617
07/16/26 23:57,34.143,154.190,188.357,32.778,153.975,186.753
07/16/26 23:58,34.613,153.857,188.463,32.742,153.908,186.650
07/16/26 23:59,34.707,153.547,188.258,32.675,153.852,186.552
07/16/26 24:00,35.053,153.738,188.825,32.658,153.833,186.475
07/17/26 00:01,35.347,154.020,189.370,32.700,153.830,186.542
07/17/26 00:02,35.423,154.166,189.589,32.792,153.675,186.433
07/17/26 00:03,34.710,154.727,189.440,32.858,153.550,186.428
07/17/26 00:04,33.920,154.678,188.578,32.925,153.650,186.600
07/17/26 00:05,34.097,154.454,188.542,33.077,153.660,186.727
07/17/26 00:06,34.340,154.084,188.443,33.158,153.708,186.900
07/17/26 00:07,34.807,153.812,188.608,33.200,153.952,187.127
07/17/26 00:08,35.123,153.755,188.901,33.167,154.250,187.442
07/17/26 00:09,34.757,154.339,189.122,33.200,154.537,187.737
07/17/26 00:10,34.580,154.520,189.128,33.225,154.458,187.717
07/17/26 00:11,34.607,154.220,188.820,33.242,154.573,187.840
07/17/26 00:12,34.677,154.013,188.718,33.292,154.583,187.858
07/17/26 00:13,34.507,153.890,188.403,33.325,154.528,187.857
07/17/26 00:14,34.923,153.617,188.555,33.367,154.375,187.783
07/17/26 00:15,35.343,153.826,189.170,33.380,154.217,187.597
07/17/26 00:16,35.143,154.318,189.437,33.400,153.983,187.383
07/17/26 00:17,35.117,154.303,189.397,33.458,153.900,187.378
07/17/26 00:18,34.773,154.461,189.241,33.558,154.042,187.600
07/17/26 00:19,34.573,153.928,188.489,33.600,154.345,187.970
07/17/26 00:20,34.577,153.860,188.403,33.600,154.292,187.900
07/17/26 00:21,34.953,154.081,189.031,33.702,154.433,188.110
07/17/26 00:22,34.910,153.570,188.505,33.800,154.517,188.308
07/17/26 00:23,35.187,153.946,189.135,33.800,154.653,188.487
07/17/26 00:24,34.967,154.204,189.202,33.742,154.842,188.583
07/17/26 00:25,34.600,154.752,189.378,33.622,154.797,188.452
07/17/26 00:26,34.137,154.387,188.524,33.517,154.667,188.208
07/17/26 00:27,34.580,153.644,188.234,33.478,154.563,188.063
07/17/26 00:28,35.020,153.378,188.449,33.417,154.608,188.025
07/17/26 00:29,34.703,153.712,188.398,33.242,154.883,188.125
07/17/26 00:30,34.113,154.294,188.411,33.200,154.942,188.142
07/17/26 00:31,34.263,154.341,188.609,33.147,154.817,187.963
07/17/26 00:32,33.577,154.232,187.825,33.108,154.608,187.692
07/17/26 00:33,33.550,153.800,187.347,33.100,154.575,187.653
07/17/26 00:34,33.747,153.300,187.047,33.042,154.533,187.542
07/17/26 00:35,33.653,153.695,187.372,32.922,154.240,187.162
07/17/26 00:36,34.050,153.812,187.860,32.842,154.033,186.850
07/17/26 00:37,34.347,154.068,188.409,32.775,153.935,186.688
07/17/26 00:38,34.030,154.006,188.038,32.675,154.083,186.725
07/17/26 00:39,33.510,154.043,187.542,32.575,154.258,186.853
07/17/26 00:40,33.313,154.204,187.520,32.567,154.233,186.800
07/17/26 00:41,33.487,153.944,187.430,32.442,154.350,186.805
07/17/26 00:42,34.277,153.357,187.618,32.375,154.650,187.017
07/17/26 00:43,34.770,153.328,188.100,32.378,154.705,187.080
07/17/26 00:44,34.060,154.203,188.245,32.400,154.625,187.050
07/17/26 00:45,33.397,154.263,187.644,32.400,154.467,186.867
07/17/26 00:46,33.447,154.017,187.458,32.400,154.300,186.700
07/17/26 00:47,33.440,153.987,187.383,32.298,154.287,186.570
07/17/26 00:48,32.937,154.347,187.288,32.292,154.067,186.383
07/17/26 00:49,33.593,154.102,187.677,32.300,153.743,186.065
07/17/26 00:50,34.277,153.952,188.199,32.300,153.725,186.025
07/17/26 00:51,34.613,153.615,188.246,32.325,153.742,186.067
07/17/26 00:52,34.687,153.773,188.463,32.400,153.758,186.158
07/17/26 00:53,34.073,154.636,188.715,32.425,153.950,186.395
07/17/26 00:54,34.093,154.246,188.343,32.650,154.025,186.675
07/17/26 00:55,34.487,153.729,188.205,32.758,154.055,186.805
07/17/26 00:56,34.530,153.607,188.163,32.917,154.067,186.992
07/17/26 00:57,34.330,153.973,188.306,33.058,153.888,186.947
07/17/26 00:58,34.873,154.494,189.359,33.100,154.017,187.050
07/17/26 00:59,34.753,154.193,188.901,33.203,154.158,187.362
07/17/26 01:00,34.603,154.258,188.845,33.325,154.083,187.350
07/17/26 01:01,34.360,154.040,188.432,33.458,153.897,187.333
07/17/26 01:02,34.437,154.191,188.624,33.558,153.858,187.442
07/17/26 01:03,35.123,153.581,188.694,33.547,154.003,187.605
07/17/26 01:04,35.347,153.527,188.872,33.625,154.133,187.733
07/17/26 01:05,34.803,153.832,188.648,33.642,154.107,187.758
07/17/26 01:06,35.077,154.322,189.380,33.600,154.233,187.833
07/17/26 01:07,35.297,153.977,189.278,33.600,154.233,187.833
07/17/26 01:08,34.727,154.091,188.827,33.600,154.350,187.950
07/17/26 01:09,34.603,154.057,188.675,33.600,154.238,187.863
07/17/26 01:10,34.877,153.713,188.581,33.725,154.158,187.892
07/17/26 01:11,34.993,153.549,188.566,33.725,154.157,187.900
07/17/26 01:12,34.897,153.842,188.743,33.892,153.825,187.692
07/17/26 01:13,34.947,154.186,189.125,33.978,153.688,187.600
07/17/26 01:14,34.605,154.898,189.494,34.000,153.642,187.633
07/17/26 01:15,34.280,154.320,188.574,33.955,153.728,187.703
07/17/26 01:16,34.330,154.054,188.412,33.933,153.867,187.858
07/17/26 01:17,34.673,153.668,188.330,33.900,154.057,187.978
07/17/26 01:18,35.040,153.438,188.528,33.900,154.092,188.058
07/17/26 01:19,35.027,154.143,189.196,33.952,154.250,188.193
07/17/26 01:20,35.010,153.498,188.508,33.992,154.467,188.433
07/17/26 01:21,34.863,153.810,188.652,34.000,154.528,188.495
07/17/26 01:22,34.150,154.197,188.367,34.000,154.567,188.475
07/17/26 01:23,33.883,153.639,187.528,33.942,154.343,188.297
07/17/26 01:24,33.910,153.736,187.645,33.900,154.208,188.108
07/17/26 01:25,34.553,153.760,188.322,33.797,154.303,188.100
07/17/26 01:26,34.583,154.083,188.656,33.675,154.283,187.925
07/17/26 01:27,34.627,153.877,188.513,33.522,154.390,187.878
07/17/26 01:28,34.040,154.323,188.372,33.500,154.217,187.717
07/17/26 01:29,34.067,154.093,188.124,33.422,154.337,187.700
07/17/26 01:30,33.820,153.905,187.738,33.283,154.583,187.858
07/17/26 01:31,33.897,154.087,187.972,33.200,154.633,187.833
07/17/26 01:32,34.463,153.436,187.922,33.200,154.508,187.708
07/17/26 01:33,34.637,153.605,188.302,33.122,154.500,187.622
07/17/26 01:34,34.960,153.567,188.531,32.983,154.525,187.508
07/17/26 01:35,34.197,154.134,188.324,32.900,154.595,187.475
07/17/26 01:36,33.337,154.436,187.812,32.875,154.475,187.317
07/17/26 01:37,32.943,154.661,187.608,32.800,154.478,187.278
07/17/26 01:38,33.757,153.556,187.304,32.800,154.533,187.275
07/17/26 01:39,34.203,153.259,187.460,32.723,154.322,186.997
07/17/26 01:40,33.880,154.039,187.943,32.608,154.175,186.775
07/17/26 01:41,34.083,153.808,187.895,32.575,154.133,186.708
07/17/26 01:42,33.837,154.215,188.031,32.442,154.192,186.633
07/17/26 01:43,33.947,154.105,188.045,32.425,154.157,186.582
07/17/26 01:44,33.863,153.898,187.790,32.500,154.100,186.600
07/17/26 01:45,33.930,153.512,187.442,32.525,154.262,186.782
07/17/26 01:46,34.080,153.833,187.885,32.658,154.308,186.958
07/17/26 01:47,34.170,154.496,188.663,32.878,154.122,187.000
07/17/26 01:48,33.970,154.088,188.071,33.025,154.008,187.000
07/17/26 01:49,33.647,153.891,187.541,33.125,154.032,187.157
07/17/26 01:50,33.623,153.884,187.525,33.200,154.000,187.200
07/17/26 01:51,33.867,153.947,187.813,33.225,153.892,187.117
07/17/26 01:52,34.453,153.274,187.769,33.300,153.642,186.908
07/17/26 01:53,34.400,154.025,188.434,33.325,153.673,187.032
07/17/26 01:54,34.573,154.309,188.859,33.308,153.875,187.183
07/17/26 01:55,34.597,154.029,188.657,33.325,153.958,187.283
07/17/26 01:56,34.677,154.459,189.158,33.400,154.083,187.425
07/17/26 01:57,34.380,154.860,189.201,33.425,154.167,187.568
07/17/26 01:58,34.430,154.138,188.559,33.558,154.350,187.908
07/17/26 01:59,34.087,153.649,187.745,33.677,154.425,188.135
07/17/26 02:00,34.360,153.970,188.319,33.667,154.592,188.258
07/17/26 02:01,34.850,153.985,188.800,33.725,154.523,188.267
07/17/26 02:02,35.167,153.733,188.894,33.800,154.382,188.182
07/17/26 02:03,35.510,153.814,189.327,34.062,153.775,187.837
07/17/26 02:04,45.527,144.354,189.815,36.608,151.100,187.675
07/17/26 02:05,61.223,128.402,189.438,40.740,146.873,187.580
07/17/26 02:06,66.467,122.217,188.692,45.342,142.142,187.517
07/17/26 02:07,66.810,122.174,188.980,49.997,137.468,187.453
07/17/26 02:08,66.883,122.449,189.323,54.950,132.583,187.525
07/17/26 02:09,66.803,121.991,188.784,59.465,128.328,187.813
07/17/26 02:10,66.780,122.006,188.782,63.575,124.350,187.925
07/17/26 02:11,66.903,122.206,189.133,65.160,122.787,187.980
07/17/26 02:12,66.483,122.445,188.938,65.358,122.667,188.050
07/17/26 02:13,66.753,122.134,188.880,65.483,122.763,188.295
07/17/26 02:14,67.050,121.770,188.768,65.600,122.867,188.442
07/17/26 02:15,67.077,121.758,188.831,65.575,123.007,188.582
07/17/26 02:16,66.870,121.934,188.792,65.592,123.150,188.717
07/17/26 02:17,66.780,121.856,188.632,65.575,123.345,188.898
07/17/26 02:18,66.517,122.180,188.683,65.558,123.375,188.908
07/17/26 02:19,66.177,122.195,188.354,65.517,123.222,188.742
07/17/26 02:20,66.647,121.692,188.320,65.342,123.325,188.617
07/17/26 02:21,66.677,121.482,188.164,65.222,123.292,188.525
07/17/26 02:22,66.163,122.227,188.394,65.133,123.417,188.550
07/17/26 02:23,66.287,122.166,188.429,65.175,122.985,188.107
07/17/26 02:24,66.267,122.466,188.714,65.008,123.025,188.033
07/17/26 02:25,66.143,122.304,188.461,64.922,123.050,187.972
07/17/26 02:26,65.873,121.979,187.883,64.808,123.175,188.042
07/17/26 02:27,65.857,121.893,187.764,64.775,123.185,187.950
07/17/26 02:28,66.033,121.548,187.606,64.642,123.075,187.717
07/17/26 02:29,65.940,121.754,187.709,64.498,123.077,187.575
07/17/26 02:30,66.873,121.390,188.270,64.375,123.108,187.508
07/17/26 02:31,66.263,121.868,188.128,64.353,123.025,187.400
07/17/26 02:32,65.327,122.840,188.178,64.242,123.075,187.292
07/17/26 02:33,64.933,122.535,187.490,64.225,122.888,187.067
07/17/26 02:34,64.883,122.231,187.139,64.300,122.867,187.158
07/17/26 02:35,65.777,121.644,187.407,64.163,122.875,187.038
07/17/26 02:36,65.630,121.491,187.125,64.100,123.042,187.142
07/17/26 02:37,65.683,122.188,187.885,64.100,123.133,187.267
07/17/26 02:38,65.370,122.921,188.296,64.075,123.183,187.225
07/17/26 02:39,65.150,123.461,188.583,63.975,123.267,187.222
07/17/26 02:40,65.523,122.703,188.233,63.758,123.567,187.325
07/17/26 02:41,65.763,121.884,187.643,63.547,123.650,187.217
07/17/26 02:42,66.547,121.455,188.034,63.717,123.567,187.317
07/17/26 02:43,66.733,121.774,188.513,63.722,123.578,187.300
07/17/26 02:44,66.453,122.133,188.587,63.758,123.450,187.208
07/17/26 02:45,66.813,121.783,188.591,63.858,123.280,187.123
07/17/26 02:46,66.103,122.481,188.575,63.983,123.117,187.100
07/17/26 02:47,65.613,122.401,187.996,64.105,122.945,187.042
07/17/26 02:48,65.733,122.441,188.199,64.200,122.892,187.100
07/17/26 02:49,66.097,122.270,188.368,64.277,122.782,187.058
07/17/26 02:50,66.140,121.842,188.027,64.392,122.767,187.125
07/17/26 02:51,67.130,121.739,188.900,64.458,122.820,187.278
07/17/26 02:52,66.857,122.329,189.202,64.650,122.858,187.508
07/17/26 02:53,66.317,122.454,188.757,64.745,122.743,187.547
07/17/26 02:54,65.953,122.905,188.860,64.917,122.733,187.633
07/17/26 02:55,65.950,122.493,188.442,64.975,122.725,187.678
07/17/26 02:56,66.220,121.908,188.153,64.925,122.800,187.725
07/17/26 02:57,66.393,121.834,188.243,65.000,122.837,187.825
07/17/26 02:58,66.960,122.229,189.184,65.067,122.975,188.050
07/17/26 02:59,66.930,122.242,189.201,65.000,122.948,187.968
07/17/26 03:00,66.267,122.600,188.841,65.033,122.942,187.942
07/17/26 03:01,65.627,122.754,188.392,64.947,122.908,187.855
07/17/26 03:02,65.927,122.410,188.351,65.025,122.800,187.892
07/17/26 03:03,66.340,122.138,188.468,65.125,122.723,187.900
07/17/26 03:04,66.387,121.763,188.175,65.267,122.617,187.842
07/17/26 03:05,66.633,121.510,188.175,65.225,122.553,187.800
07/17/26 03:06,66.560,121.898,188.485,65.208,122.708,187.917
07/17/26 03:07,65.990,122.413,188.413,65.278,122.962,188.240
07/17/26 03:08,66.163,122.763,188.902,65.392,122.917,188.308
07/17/26 03:09,66.651,121.988,188.611,65.458,122.925,188.378
07/17/26 03:10,67.163,121.693,188.853,65.417,122.883,188.292
07/17/26 03:11,66.877,122.077,188.967,65.305,122.903,188.203
07/17/26 03:12,67.063,121.622,188.677,65.275,123.000,188.242
07/17/26 03:13,66.677,122.201,188.921,65.267,123.078,188.323
07/17/26 03:14,66.317,122.701,188.996,65.267,122.950,188.217
07/17/26 03:15,66.470,122.000,188.486,65.300,123.110,188.410
07/17/26 03:16,66.150,121.817,187.974,65.300,123.067,188.375
07/17/26 03:17,65.813,121.755,187.581,65.353,123.072,188.403
07/17/26 03:18,65.790,121.880,187.635,65.300,122.958,188.292
07/17/26 03:19,66.407,121.694,188.122,65.320,122.875,188.228
07/17/26 03:20,66.143,122.160,188.282,65.242,122.833,188.075
07/17/26 03:21,65.677,122.346,188.031,65.142,122.750,187.892
07/17/26 03:22,65.433,122.303,187.766,64.983,122.650,187.667
07/17/26 03:23,65.437,122.233,187.666,64.842,122.653,187.470
07/17/26 03:24,65.833,121.750,187.578,64.708,122.700,187.375
07/17/26 03:25,65.617,121.665,187.312,64.573,122.750,187.300
07/17/26 03:26,65.620,122.095,187.711,64.375,123.108,187.508
07/17/26 03:27,65.893,122.327,188.223,64.300,123.275,187.605
07/17/26 03:28,65.653,122.486,188.115,64.208,123.375,187.608
07/17/26 03:29,65.903,121.739,187.635,64.122,123.523,187.665
07/17/26 03:30,65.733,121.940,187.656,64.100,123.650,187.725
07/17/26 03:31,64.970,122.348,187.302,64.023,123.672,187.672
07/17/26 03:32,65.340,122.029,187.406,64.033,123.475,187.533
07/17/26 03:33,65.983,121.854,187.804,64.033,123.018,187.085
07/17/26 03:34,66.150,122.017,188.170,64.000,122.875,186.875
07/17/26 03:35,65.507,122.792,188.269,64.000,122.692,186.772
07/17/26 03:36,64.903,122.934,187.843,64.092,122.567,186.642
07/17/26 03:37,65.150,122.777,187.917,64.022,122.525,186.492
07/17/26 03:38,66.053,121.646,187.706,64.000,122.575,186.575
07/17/26 03:39,66.390,121.213,187.585,64.077,122.577,186.620
07/17/26 03:40,66.290,121.857,188.142,64.217,122.550,186.767
07/17/26 03:41,66.503,122.219,188.721,64.275,122.430,186.763
07/17/26 03:42,66.407,122.364,188.781,64.200,122.575,186.783
07/17/26 03:43,65.940,122.812,188.756,64.278,122.550,186.828
07/17/26 03:44,65.860,122.165,188.021,64.333,122.700,187.033
07/17/26 03:45,66.050,121.691,187.759,64.325,122.543,186.922
07/17/26 03:46,66.173,122.008,188.165,64.383,122.483,186.900
07/17/26 03:47,66.120,122.216,188.335,64.200,122.903,187.103
07/17/26 03:48,66.567,122.027,188.612,64.308,123.008,187.350
07/17/26 03:49,66.420,122.463,188.885,64.500,122.942,187.422
07/17/26 03:50,66.767,122.483,189.237,64.500,122.875,187.375
07/17/26 03:51,67.063,121.742,188.761,64.578,122.747,187.350
07/17/26 03:52,66.597,121.756,188.383,64.692,122.858,187.533
07/17/26 03:53,66.813,122.072,188.875,64.783,122.845,187.573
07/17/26 03:54,67.333,121.686,189.037,64.933,122.358,187.292
07/17/26 03:55,67.230,121.723,188.932,64.925,122.300,187.225
07/17/26 03:56,67.227,121.948,189.192,65.000,122.350,187.350
07/17/26 03:57,66.910,122.287,189.209,65.058,122.500,187.577
07/17/26 03:58,66.220,122.241,188.515,65.100,122.475,187.575
07/17/26 03:59,66.907,121.818,188.762,65.100,122.512,187.578
07/17/26 04:00,66.463,122.251,188.729,65.125,122.617,187.775
07/17/26 04:01,67.003,121.830,188.822,65.180,122.807,188.012
07/17/26 04:02,67.200,121.543,188.766,65.233,122.875,188.117
07/17/26 04:03,66.977,122.005,189.011,65.122,123.157,188.273
07/17/26 04:04,66.953,122.164,189.118,65.042,123.317,188.350
07/17/26 04:05,67.153,121.670,188.804,65.137,123.347,188.450
07/17/26 04:06,66.513,122.154,188.673,65.200,123.375,188.633
07/17/26 04:07,66.417,122.068,188.522,65.277,123.250,188.517
07/17/26 04:08,66.367,121.916,188.308,65.183,123.192,188.375
07/17/26 04:09,66.577,121.697,188.267,65.202,122.953,188.122
07/17/26 04:10,66.807,121.880,188.715,65.358,122.583,187.942
07/17/26 04:11,66.567,122.160,188.731,65.458,122.487,187.945
07/17/26 04:12,66.050,122.413,188.472,65.442,122.467,187.908
07/17/26 04:13,66.007,122.013,188.055,65.452,122.507,187.983
07/17/26 04:14,65.890,121.394,187.287,65.367,122.667,188.008
07/17/26 04:15,65.697,121.509,187.196,65.380,122.768,188.148
07/17/26 04:16,66.173,122.072,188.237,65.317,122.958,188.267
07/17/26 04:17,65.683,122.446,188.088,65.180,123.048,188.250
07/17/26 04:18,65.417,122.470,187.913,65.142,123.167,188.308
07/17/26 04:19,65.497,121.682,187.162,65.075,123.190,188.265
07/17/26 04:20,64.830,122.003,186.867,64.933,123.142,188.108
07/17/26 04:21,65.053,122.425,187.493,64.888,123.257,188.120
07/17/26 04:22,66.087,121.575,187.649,64.783,123.300,188.100
07/17/26 04:23,65.700,121.837,187.593,64.777,123.173,187.973
07/17/26 04:24,66.097,121.661,187.754,64.650,123.158,187.808
07/17/26 04:25,65.583,121.957,187.550,64.497,122.918,187.440
07/17/26 04:26,65.387,122.593,187.981,64.400,122.983,187.367
07/17/26 04:27,65.490,122.024,187.544,64.322,122.955,187.275
07/17/26 04:28,65.320,121.628,187.005,64.275,122.933,187.208
07/17/26 04:29,65.823,121.315,187.106,64.200,122.768,187.002
07/17/26 04:30,65.670,121.663,187.360,64.017,122.858,186.908
07/17/26 04:31,65.273,122.504,187.784,63.922,122.925,186.900
07/17/26 04:32,65.233,122.571,187.824,63.900,123.000,186.900
07/17/26 04:33,65.277,122.186,187.462,63.945,123.092,187.037
07/17/26 04:34,65.423,121.913,187.339,64.000,122.917,186.917
07/17/26 04:35,65.640,122.000,187.627,64.058,122.685,186.743
07/17/26 04:36,66.350,121.459,187.801,64.192,122.575,186.767
07/17/26 04:37,66.473,121.673,188.140,64.283,122.475,186.733
07/17/26 04:38,66.743,121.803,188.530,64.367,122.458,186.842
07/17/26 04:39,66.510,122.459,188.979,64.458,122.518,187.018
07/17/26 04:40,66.403,122.537,188.939,64.525,122.400,186.958
07/17/26 04:41,66.327,121.673,188.035,64.678,122.545,187.203
07/17/26 04:42,66.400,122.044,188.421,64.733,122.742,187.442
07/17/26 04:43,66.523,122.041,188.536,64.857,122.880,187.742
07/17/26 04:44,66.920,121.743,188.652,64.900,122.900,187.808
07/17/26 04:45,66.947,122.039,188.965,64.978,122.817,187.795
07/17/26 04:46,66.557,122.325,188.909,65.025,122.708,187.733
07/17/26 04:47,66.607,122.078,188.717,65.023,122.677,187.700
07/17/26 04:48,66.413,122.106,188.529,65.000,122.675,187.608
07/17/26 04:49,66.067,122.123,188.196,65.053,122.410,187.463
07/17/26 04:50,66.337,122.168,188.496,65.092,122.192,187.242
07/17/26 04:51,66.413,122.523,188.935,65.100,122.253,187.377
07/17/26 04:52,66.680,122.109,188.764,65.100,122.292,187.425
07/17/26 04:53,66.653,122.164,188.791,65.075,122.612,187.635
07/17/26 04:54,66.013,122.680,188.707,65.033,122.642,187.675
07/17/26 04:55,66.313,122.205,188.530,64.975,122.865,187.840
07/17/26 04:56,66.357,121.722,188.090,64.925,123.208,188.167
07/17/26 04:57,66.083,121.588,187.675,65.025,123.438,188.458
07/17/26 04:58,66.400,121.705,188.124,65.042,123.467,188.500
07/17/26 04:59,66.797,122.155,188.948,65.025,123.553,188.553
07/17/26 05:00,66.550,122.404,188.937,65.075,123.525,188.592
07/17/26 05:01,66.230,122.602,188.834,65.075,123.468,188.570
07/17/26 05:02,66.253,122.380,188.657,65.158,123.342,188.505
07/17/26 05:03,73.895,114.398,188.457,76.350,112.163,188.478
07/17/26 05:04,103.579,85.470,189.028,116.092,73.368,189.460
07/17/26 05:05,121.060,68.251,189.264,120.522,68.918,189.407
07/17/26 05:06,122.680,66.524,189.204,120.458,69.000,189.425
07/17/26 05:07,122.157,66.904,189.073,120.500,68.833,189.308
07/17/26 05:08,121.953,67.104,189.054,120.617,68.533,189.108
07/17/26 05:09,122.097,66.493,188.587,120.700,68.425,189.158
07/17/26 05:10,121.930,66.096,188.048,120.642,68.467,189.108
07/17/26 05:11,122.180,66.383,188.562,120.735,68.313,189.023
07/17/26 05:12,122.210,66.309,188.523,120.708,68.125,188.850
07/17/26 05:13,122.020,65.874,187.879,120.667,68.033,188.697
07/17/26 05:14,121.367,67.122,188.489,120.642,67.842,188.450
07/17/26 05:15,121.633,66.547,188.225,120.497,68.082,188.523
07/17/26 05:16,121.223,66.198,187.436,120.308,68.175,188.483
07/17/26 05:17,120.963,65.890,186.848,120.230,68.022,188.243
07/17/26 05:18,121.507,65.589,187.109,119.950,68.150,188.108
07/17/26 05:19,122.127,65.595,187.685,119.817,68.278,188.100
07/17/26 05:20,121.807,66.131,187.890,119.550,68.542,188.133
07/17/26 05:21,121.023,66.386,187.413,119.318,68.703,187.977
07/17/26 05:22,121.007,66.460,187.472,119.167,68.450,187.667
07/17/26 05:23,120.933,66.541,187.479,119.142,68.303,187.442
07/17/26 05:24,120.823,66.126,186.995,118.983,68.433,187.408
07/17/26 05:25,121.173,65.959,187.095,118.920,68.327,187.247
07/17/26 05:26,122.063,65.567,187.620,118.958,68.100,187.117
07/17/26 05:27,121.603,65.810,187.405,118.897,68.148,187.100
07/17/26 05:28,121.197,66.035,187.216,118.925,68.067,186.958
07/17/26 05:29,120.693,66.251,186.948,118.743,68.118,186.853
07/17/26 05:30,120.853,66.016,186.886,118.817,68.000,186.825
07/17/26 05:31,121.337,65.874,187.183,118.978,67.893,186.852
07/17/26 05:32,121.317,65.641,186.958,119.067,67.808,186.850
07/17/26 05:33,121.307,66.024,187.344,118.980,67.978,186.923
07/17/26 05:34,121.883,66.026,187.889,119.025,67.983,187.008
07/17/26 05:35,122.243,66.028,188.269,119.125,67.912,187.090
07/17/26 05:36,121.630,66.630,188.273,119.200,67.867,187.067
07/17/26 05:37,121.170,66.453,187.640,119.200,67.847,187.100
07/17/26 05:38,121.517,65.737,187.295,119.292,67.867,187.158
07/17/26 05:39,121.680,65.995,187.678,119.412,67.822,187.175
07/17/26 05:40,121.737,65.866,187.599,119.517,67.617,187.125
07/17/26 05:41,122.087,66.161,188.217,119.678,67.555,187.200
07/17/26 05:42,121.570,66.436,188.047,119.783,67.500,187.292
07/17/26 05:43,121.500,66.534,188.034,119.978,67.583,187.560
07/17/26 05:44,121.617,66.658,188.266,120.033,67.458,187.492
07/17/26 05:45,121.587,66.359,187.964,120.078,67.322,187.400
07/17/26 05:46,121.453,66.086,187.538,120.067,67.475,187.517
07/17/26 05:47,122.147,65.771,187.906,120.022,67.542,187.567
07/17/26 05:48,122.623,65.723,188.339,120.025,67.508,187.542
07/17/26 05:49,122.480,66.045,188.557,120.050,67.425,187.475
07/17/26 05:50,121.593,66.386,187.999,119.958,67.350,187.308
07/17/26 05:51,121.270,66.701,188.001,119.948,67.460,187.383
07/17/26 05:52,121.290,66.123,187.434,119.942,67.692,187.592
07/17/26 05:53,121.983,65.403,187.368,119.925,67.642,187.547
07/17/26 05:54,122.473,65.720,188.175,119.967,67.667,187.633
07/17/26 05:55,122.493,66.057,188.577,119.995,67.865,187.840
07/17/26 05:56,121.780,66.703,188.482,119.958,68.100,188.117
07/17/26 05:57,121.267,66.896,188.171,120.078,68.237,188.337
07/17/26 05:58,121.023,66.980,188.024,120.250,68.142,188.425
07/17/26 05:59,121.483,66.491,187.985,120.423,68.147,188.525
07/17/26 06:00,121.780,66.316,188.119,120.500,68.258,188.692
07/17/26 06:01,121.903,65.890,187.796,120.442,68.392,188.810
07/17/26 06:02,122.123,66.214,188.334,120.608,68.200,188.775
07/17/26 06:03,122.003,66.529,188.528,120.700,68.053,188.773
07/17/26 06:04,121.633,66.759,188.394,120.608,68.050,188.658
07/17/26 06:05,121.613,67.250,188.863,120.522,68.122,188.643
07/17/26 06:06,121.413,66.511,187.915,120.500,67.983,188.425
07/17/26 06:07,121.403,66.052,187.461,120.448,67.900,188.300
07/17/26 06:08,121.290,66.187,187.445,120.500,67.875,188.333
07/17/26 06:09,121.570,66.257,187.825,120.442,67.858,188.257
07/17/26 06:10,121.797,66.445,188.236,120.400,67.775,188.200
07/17/26 06:11,121.900,66.358,188.257,120.458,67.820,188.278
07/17/26 06:12,120.830,66.443,187.269,120.433,67.567,188.025
07/17/26 06:13,120.490,66.250,186.743,120.603,67.507,188.107
07/17/26 06:14,120.330,65.808,186.141,120.575,67.525,188.125
07/17/26 06:15,120.893,65.783,186.683,120.580,67.570,188.125
07/17/26 06:16,121.330,65.994,187.322,120.483,67.608,188.083
07/17/26 06:17,120.690,66.014,186.693,120.355,67.757,188.107
07/17/26 06:18,120.617,65.775,186.408,120.333,67.700,188.058
07/17/26 06:19,120.597,65.857,186.460,119.982,68.197,188.153
07/17/26 06:20,120.330,66.023,186.392,119.683,68.308,187.983
07/17/26 06:21,120.490,65.501,185.966,119.608,68.118,187.747
07/17/26 06:22,120.563,65.378,185.937,119.417,68.033,187.475
07/17/26 06:23,120.617,65.548,186.139,119.197,67.980,187.165
07/17/26 06:24,120.407,65.821,186.232,119.075,67.833,186.975
07/17/26 06:25,120.527,66.229,186.751,118.847,68.223,187.070
07/17/26 06:26,120.223,66.288,186.523,119.042,67.933,186.975
07/17/26 06:27,119.990,66.245,186.236,119.080,67.907,186.948
07/17/26 06:28,120.303,65.685,185.990,118.925,67.767,186.675
07/17/26 06:29,120.403,65.907,186.333,118.850,67.775,186.680
07/17/26 06:30,121.170,65.995,187.148,119.208,67.467,186.675
07/17/26 06:31,121.167,65.754,186.915,119.435,67.293,186.728
07/17/26 06:32,121.097,65.978,187.083,119.508,67.108,186.583
07/17/26 06:33,121.010,66.549,187.553,119.483,67.075,186.558
07/17/26 06:34,121.420,65.816,187.241,119.750,66.992,186.767
07/17/26 06:35,121.367,65.405,186.774,119.937,67.232,187.157
07/17/26 06:36,121.573,65.192,186.781,120.117,67.200,187.317
07/17/26 06:37,121.820,65.743,187.528,120.097,67.435,187.498
07/17/26 06:38,121.433,66.369,187.812,120.025,67.433,187.492
07/17/26 06:39,121.107,66.439,187.551,120.237,67.388,187.600
07/17/26 06:40,120.597,66.630,187.210,120.083,67.642,187.717
07/17/26 06:41,120.913,66.219,187.120,119.997,67.617,187.580
07/17/26 06:42,121.323,66.018,187.339,119.808,67.592,187.400
07/17/26 06:43,121.483,65.867,187.347,119.825,67.530,187.322
07/17/26 06:44,121.723,66.045,187.764,119.958,67.400,187.333
07/17/26 06:45,121.963,65.652,187.620,119.975,67.315,187.300
07/17/26 06:46,122.257,65.862,188.115,119.925,67.550,187.475
07/17/26 06:47,121.967,66.180,188.099,120.025,67.523,187.567
07/17/26 06:48,121.823,65.976,187.828,120.042,67.675,187.750
07/17/26 06:49,121.457,66.053,187.515,120.000,67.833,187.800
07/17/26 06:50,121.503,65.480,186.985,119.942,68.092,187.975
07/17/26 06:51,121.703,65.524,187.229,119.920,68.333,188.257
07/17/26 06:52,121.997,66.063,188.029,120.050,68.125,188.150
07/17/26 06:53,121.867,66.345,188.194,120.198,68.038,188.237
07/17/26 06:54,121.207,66.337,187.554,120.200,67.983,188.183
07/17/26 06:55,120.957,65.923,186.885,120.395,67.642,188.017
07/17/26 06:56,121.350,65.333,186.721,120.533,67.600,188.108
07/17/26 06:57,121.667,65.415,187.088,120.500,67.780,188.258
07/17/26 06:58,121.517,65.563,187.076,120.533,67.875,188.408
07/17/26 06:59,121.737,65.762,187.469,120.422,68.285,188.732
07/17/26 07:00,121.835,65.888,187.672,120.550,68.025,188.583
07/17/26 07:01,120.580,66.709,187.307,120.620,67.978,188.632
07/17/26 07:02,120.867,66.364,187.250,120.600,68.150,188.717
07/17/26 07:03,121.507,65.449,186.951,120.757,67.932,188.688
07/17/26 07:04,121.493,65.178,186.669,120.892,67.750,188.617
07/17/26 07:05,121.890,65.282,187.165,120.847,67.538,188.417
07/17/26 07:06,121.997,65.898,187.898,120.900,67.392,188.292
07/17/26 07:07,121.517,66.462,187.993,120.797,67.675,188.438
07/17/26 07:08,120.790,66.462,187.254,120.758,67.792,188.550
07/17/26 07:09,120.597,66.513,187.137,120.750,67.950,188.725
07/17/26 07:10,120.850,65.593,186.489,120.575,68.100,188.683
07/17/26 07:11,120.983,65.305,186.311,120.475,67.980,188.422
07/17/26 07:12,120.987,65.650,186.612,120.317,68.375,188.658
07/17/26 07:13,121.220,65.908,187.101,120.157,68.438,188.587
07/17/26 07:14,121.073,65.963,187.093,120.108,68.467,188.583
07/17/26 07:15,121.133,65.697,186.850,119.863,68.520,188.383
07/17/26 07:16,120.743,65.716,186.466,119.708,68.475,188.183
07/17/26 07:17,120.377,65.764,186.155,119.597,68.503,188.125
07/17/26 07:18,120.180,66.236,186.440,119.533,68.600,188.108
07/17/26 07:19,120.637,65.738,186.368,119.457,68.457,187.895
07/17/26 07:20,121.010,65.358,186.363,119.283,68.533,187.817
07/17/26 07:21,120.747,65.795,186.527,119.258,68.343,187.622
07/17/26 07:22,120.213,66.231,186.450,119.333,68.117,187.517
07/17/26 07:23,120.463,65.968,186.428,119.300,67.977,187.243
07/17/26 07:24,120.613,65.500,186.132,119.300,67.808,187.142
07/17/26 07:25,120.713,65.362,186.076,119.300,67.878,187.178
07/17/26 07:26,120.430,65.643,186.104,119.300,67.750,187.050
07/17/26 07:27,120.560,65.818,186.350,119.118,67.750,186.868
07/17/26 07:28,120.697,65.493,186.189,119.150,67.725,186.817
07/17/26 07:29,120.183,65.575,185.797,119.200,67.653,186.798
07/17/26 07:30,120.220,66.275,186.505,119.200,67.642,186.867
07/17/26 07:31,120.457,65.577,186.082,119.200,67.637,186.858
07/17/26 07:32,120.907,65.265,186.174,119.283,67.617,186.900
07/17/26 07:33,121.033,65.220,186.297,119.502,67.558,187.078
07/17/26 07:34,121.460,65.529,186.946,119.692,67.450,187.142
07/17/26 07:35,120.780,66.235,187.032,119.547,67.587,187.133
07/17/26 07:36,120.843,66.270,187.104,119.525,67.533,187.092
07/17/26 07:37,121.387,65.562,186.955,119.595,67.820,187.415
07/17/26 07:38,121.417,65.889,187.333,119.650,67.883,187.500
07/17/26 07:39,121.640,65.524,187.155,119.667,67.775,187.442
07/17/26 07:40,121.710,65.179,186.871,119.642,67.808,187.483
07/17/26 07:41,121.793,65.320,187.096,119.832,67.838,187.645
07/17/26 07:42,121.423,66.031,187.478,120.008,67.758,187.758
07/17/26 07:43,121.703,65.804,187.501,119.922,67.775,187.697
07/17/26 07:44,121.033,66.121,187.172,120.017,67.425,187.442
07/17/26 07:45,120.637,66.440,187.096,120.017,67.373,187.423
07/17/26 07:46,121.333,65.505,186.830,119.900,67.583,187.483
07/17/26 07:47,121.363,65.937,187.298,119.848,67.718,187.600
07/17/26 07:48,121.837,65.842,187.680,119.783,67.850,187.692
07/17/26 07:49,121.980,65.413,187.427,119.860,67.943,187.802
07/17/26 07:50,121.170,65.934,187.127,120.058,67.908,187.958
07/17/26 07:51,121.213,66.186,187.432,120.100,67.900,188.000
07/17/26 07:52,121.507,65.924,187.439,120.183,67.758,187.942
07/17/26 07:53,121.210,65.772,186.984,120.442,67.360,187.777
07/17/26 07:54,121.870,65.382,187.218,120.625,67.083,187.700
07/17/26 07:55,122.317,65.396,187.703,120.700,67.025,187.758
07/17/26 07:56,122.090,66.014,188.066,120.667,67.250,187.925
07/17/26 07:57,121.397,66.166,187.593,120.622,67.325,187.945
07/17/26 07:58,121.270,66.399,187.697,120.567,67.492,188.058
07/17/26 07:59,121.243,66.293,187.533,120.678,67.608,188.287
07/17/26 08:00,121.713,65.449,187.189,120.552,67.832,188.417
07/17/26 08:01,121.317,65.757,187.045,120.425,67.957,188.382
07/17/26 08:02,122.027,65.577,187.586,120.400,67.943,188.377
07/17/26 08:03,122.050,65.901,187.956,120.277,67.957,188.205
07/17/26 08:04,121.477,66.284,187.783,120.105,68.038,188.138
07/17/26 08:05,121.627,65.936,187.565,120.100,67.815,187.882
07/17/26 08:06,123.443,64.288,187.785,120.650,67.208,187.892
07/17/26 08:07,135.823,52.307,188.082,123.375,64.467,187.842
07/17/26 08:08,148.152,38.752,186.905,128.125,59.525,187.675
07/17/26 08:09,153.273,33.822,187.070,132.887,54.792,187.700
07/17/26 08:10,154.590,33.214,187.769,137.992,49.733,187.725
07/17/26 08:11,154.227,33.804,188.046,142.668,45.215,187.903
07/17/26 08:12,153.737,34.010,187.775,147.733,40.425,188.133
07/17/26 08:13,154.217,33.352,187.567,151.275,36.800,188.053
07/17/26 08:14,153.780,33.512,187.275,152.683,35.558,188.208
07/17/26 08:15,153.707,33.328,187.030,152.767,35.528,188.262
07/17/26 08:16,154.333,32.661,186.984,152.650,35.642,188.325
07/17/26 08:17,154.073,32.797,186.878,152.575,35.642,188.242
07/17/26 08:18,153.983,32.930,186.911,152.592,35.567,188.142
07/17/26 08:19,153.733,33.039,186.764,152.497,35.663,188.158
07/17/26 08:20,153.347,33.342,186.685,152.408,35.533,187.942
07/17/26 08:21,153.230,33.271,186.505,152.300,35.238,187.518
07/17/26 08:22,153.403,33.270,186.669,152.333,35.042,187.375
07/17/26 08:23,153.303,33.804,187.141,152.275,34.860,187.168
07/17/26 08:24,153.407,33.753,187.178,152.200,34.967,187.167
07/17/26 08:25,153.880,33.624,187.514,152.122,34.942,187.063
07/17/26 08:26,153.400,33.701,187.115,152.075,34.858,186.967
07/17/26 08:27,153.133,33.534,186.692,151.972,35.165,187.215
07/17/26 08:28,153.113,33.154,186.268,152.008,35.333,187.383
07/17/26 08:29,153.637,32.990,186.608,151.843,35.662,187.505
07/17/26 08:30,154.130,32.835,186.963,151.733,35.683,187.417
07/17/26 08:31,154.100,33.236,187.333,151.853,35.360,187.193
07/17/26 08:32,153.830,33.565,187.407,151.683,35.258,186.942
07/17/26 08:33,153.657,34.236,187.885,151.575,35.300,186.855
07/17/26 08:34,154.007,33.872,187.895,151.592,35.117,186.708
07/17/26 08:35,153.520,33.264,186.802,151.620,34.898,186.518
07/17/26 08:36,152.957,32.964,185.913,151.717,34.675,186.425
07/17/26 08:37,153.983,32.642,186.654,151.878,34.792,186.670
07/17/26 08:38,154.430,32.906,187.310,151.983,34.950,186.933
07/17/26 08:39,153.767,33.460,187.220,152.183,34.942,187.125
07/17/26 08:40,153.330,34.031,187.384,152.417,34.967,187.383
07/17/26 08:41,153.657,34.183,187.808,152.475,35.132,187.607
07/17/26 08:42,154.033,33.912,187.954,152.342,35.433,187.833
07/17/26 08:43,154.723,33.122,187.876,152.378,35.537,187.937
07/17/26 08:44,154.970,32.865,187.809,152.392,35.458,187.883
07/17/26 08:45,155.147,33.035,188.171,152.447,35.353,187.800
07/17/26 08:46,154.633,33.319,187.917,152.525,35.133,187.625
07/17/26 08:47,153.943,33.785,187.712,152.522,34.900,187.422
07/17/26 08:48,154.377,33.282,187.702,152.558,34.842,187.400
07/17/26 08:49,154.080,33.587,187.709,152.790,34.610,187.400
07/17/26 08:50,154.063,33.507,187.598,152.833,34.542,187.433
07/17/26 08:51,154.537,32.934,187.435,152.800,34.612,187.458
07/17/26 08:52,154.810,33.273,188.067,152.892,34.592,187.492
07/17/26 08:53,154.533,33.283,187.852,152.842,34.817,187.703
07/17/26 08:54,153.990,33.585,187.586,152.950,34.958,187.917
07/17/26 08:55,154.090,33.847,187.953,153.103,34.922,188.005
07/17/26 08:56,154.166,33.356,187.522,153.108,35.108,188.258
07/17/26 08:57,154.480,32.717,187.169,153.312,35.013,188.327
07/17/26 08:58,154.943,32.360,187.319,153.333,35.142,188.550
07/17/26 08:59,154.700,33.210,187.916,153.470,35.225,188.720
07/17/26 09:00,154.200,33.713,187.932,153.692,35.100,188.800
07/17/26 09:01,153.737,33.690,187.432,153.700,35.000,188.700
07/17/26 09:02,153.900,33.858,187.718,153.517,35.275,188.733
07/17/26 09:03,154.373,33.929,188.290,153.533,35.227,188.758
07/17/26 09:04,154.447,33.044,187.492,153.500,35.333,188.833
07/17/26 09:05,154.563,32.823,187.409,153.417,35.242,188.638
07/17/26 09:06,154.693,33.438,188.124,153.183,35.233,188.417
07/17/26 09:07,154.457,33.898,188.346,153.178,35.337,188.490
07/17/26 09:08,154.200,33.878,188.036,153.258,35.308,188.558
07/17/26 09:09,153.573,34.099,187.700,153.325,35.217,188.575
07/17/26 09:10,154.290,33.552,187.821,153.283,35.308,188.592
07/17/26 09:11,154.987,32.541,187.554,153.278,35.405,188.683
07/17/26 09:12,154.870,32.344,187.215,153.267,35.558,188.825
07/17/26 09:13,154.120,33.444,187.604,153.353,35.513,188.867
07/17/26 09:14,154.073,33.706,187.780,153.183,35.633,188.817
07/17/26 09:15,154.007,33.592,187.597,153.095,35.600,188.675
07/17/26 09:16,153.513,33.774,187.276,153.008,35.650,188.658
07/17/26 09:17,153.503,33.814,187.308,152.978,35.540,188.518
07/17/26 09:18,154.310,32.958,187.256,152.783,35.425,188.217
07/17/26 09:19,154.097,33.112,187.220,152.638,35.637,188.278
07/17/26 09:20,154.300,33.294,187.604,152.508,35.642,188.092
07/17/26 09:21,154.677,33.786,188.467,152.272,35.622,187.960
07/17/26 09:22,154.213,33.882,188.098,151.983,35.867,187.817
07/17/26 09:23,153.970,33.381,187.359,151.777,35.783,187.560
07/17/26 09:24,153.487,33.196,186.687,151.642,35.792,187.442
07/17/26 09:25,153.380,33.443,186.830,151.625,35.593,187.172
07/17/26 09:26,153.733,33.181,186.905,151.583,35.375,186.950
07/17/26 09:27,154.303,32.973,187.273,151.550,35.197,186.722
07/17/26 09:28,154.303,33.495,187.798,151.750,35.200,186.908
07/17/26 09:29,154.357,33.628,187.988,151.900,35.075,186.942
07/17/26 09:30,153.950,33.722,187.689,151.900,35.117,187.017
07/17/26 09:31,153.953,33.657,187.653,151.900,35.148,187.048
07/17/26 09:32,154.343,32.998,187.361,151.867,35.242,187.133
07/17/26 09:33,154.200,33.004,187.210,151.900,35.290,187.187
07/17/26 09:34,154.507,33.015,187.512,151.842,35.333,187.167
07/17/26 09:35,154.587,33.378,187.940,151.663,35.383,187.047
07/17/26 09:36,154.100,34.189,188.296,151.508,35.508,187.042
07/17/26 09:37,154.143,34.047,188.184,151.338,35.375,186.760
07/17/26 09:38,154.440,33.220,187.674,151.208,35.367,186.608
07/17/26 09:39,154.413,33.317,187.729,151.237,35.118,186.377
07/17/26 09:40,154.423,33.089,187.489,151.117,35.008,186.158
07/17/26 09:41,154.743,33.364,188.109,151.125,34.973,186.132
07/17/26 09:42,155.227,33.378,188.602,151.200,34.717,185.917
07/17/26 09:43,155.170,33.239,188.422,151.200,34.738,185.880
07/17/26 09:44,154.600,33.552,188.190,151.442,34.675,186.108
07/17/26 09:45,154.640,33.384,188.020,151.612,34.857,186.415
07/17/26 09:46,154.607,33.010,187.619,151.625,34.933,186.592
07/17/26 09:47,154.770,33.340,188.120,151.725,35.012,186.712
07/17/26 09:48,155.350,33.535,188.878,151.800,34.942,186.725
07/17/26 09:49,155.037,33.673,188.724,151.800,34.900,186.722
07/17/26 09:50,154.730,34.092,188.781,151.750,35.125,186.875
07/17/26 09:51,154.637,34.103,188.722,151.650,35.267,186.950
07/17/26 09:52,154.720,33.733,188.471,151.742,35.175,186.917
07/17/26 09:53,155.303,33.365,188.665,151.733,35.482,187.190
07/17/26 09:54,155.033,33.405,188.538,151.792,35.508,187.317
07/17/26 09:55,155.150,33.970,189.186,151.927,35.552,187.502
07/17/26 09:56,155.180,34.448,189.620,152.283,35.467,187.717
07/17/26 09:57,155.433,34.014,189.468,152.437,35.397,187.825
07/17/26 09:58,155.757,33.809,189.540,152.592,35.233,187.833
07/17/26 09:59,155.507,33.733,189.237,152.737,35.110,187.880
07/17/26 10:00,155.213,34.000,189.221,152.800,35.125,187.958
07/17/26 10:01,155.240,33.687,188.980,152.845,35.292,188.142
07/17/26 10:02,155.593,33.388,189.025,153.083,35.025,188.092
07/17/26 10:03,155.670,33.139,188.801,153.183,34.930,188.112
07/17/26 10:04,155.660,33.063,188.726,153.358,34.950,188.308
07/17/26 10:05,155.140,33.223,188.418,153.342,35.040,188.382
07/17/26 10:06,154.800,33.792,188.609,153.267,35.200,188.433
07/17/26 10:07,155.103,33.334,188.404,153.437,34.988,188.478
07/17/26 10:08,155.240,33.459,188.685,153.567,34.750,188.342
07/17/26 10:09,154.587,33.583,188.148,153.450,35.007,188.445
07/17/26 10:10,155.443,33.131,188.553,153.175,35.350,188.592
07/17/26 10:11,155.520,33.338,188.868,153.200,35.342,188.542
07/17/26 10:12,154.593,34.050,188.658,153.317,35.150,188.408
07/17/26 10:13,154.720,34.088,188.778,153.375,35.113,188.433
07/17/26 10:14,154.777,33.965,188.732,153.208,35.250,188.458
07/17/26 10:15,154.510,33.690,188.176,153.063,35.417,188.480
07/17/26 10:16,154.127,34.083,188.184,153.000,35.383,188.375
07/17/26 10:17,154.503,33.680,188.199,152.922,35.378,188.322
07/17/26 10:18,155.010,33.552,188.556,152.808,35.317,188.125
07/17/26 10:19,154.697,34.039,188.699,152.677,35.248,187.950
07/17/26 10:20,154.473,33.657,188.133,152.542,35.067,187.617
07/17/26 10:21,154.400,33.379,187.803,152.343,35.075,187.438
07/17/26 10:22,154.550,33.256,187.854,152.208,35.058,187.275
07/17/26 10:23,154.783,33.102,187.911,152.148,34.992,187.065
07/17/26 10:24,154.317,33.836,188.159,152.108,34.525,186.633
07/17/26 10:25,154.600,33.420,188.020,151.943,34.528,186.472
07/17/26 10:26,154.327,33.346,187.683,151.900,34.425,186.325
07/17/26 10:27,154.233,33.651,187.904,151.882,34.442,186.298
07/17/26 10:28,154.470,33.271,187.733,151.742,34.433,186.200
07/17/26 10:29,154.717,33.086,187.873,151.722,34.523,186.245
07/17/26 10:30,155.143,32.998,188.184,151.642,34.750,186.392
07/17/26 10:31,155.190,33.137,188.375,151.703,34.937,186.640
07/17/26 10:32,154.923,33.653,188.591,151.683,35.167,186.883
07/17/26 10:33,154.383,34.102,188.522,151.625,35.375,187.025
07/17/26 10:34,154.243,33.917,188.186,151.725,35.458,187.192
07/17/26 10:35,154.593,33.619,188.249,151.825,35.305,187.097
07/17/26 10:36,154.423,33.464,187.891,151.900,34.958,186.883
07/17/26 10:37,154.457,33.390,187.891,151.925,34.750,186.730
07/17/26 10:38,154.540,33.413,187.955,151.967,34.600,186.567
07/17/26 10:39,154.707,33.844,188.541,152.025,34.438,186.463
07/17/26 10:40,154.733,33.596,188.337,151.892,34.392,186.283
07/17/26 10:41,154.220,33.638,187.892,151.775,34.503,186.278
07/17/26 10:42,154.247,33.375,187.604,151.650,34.675,186.358
07/17/26 10:43,154.520,33.164,187.674,151.467,34.945,186.400
07/17/26 10:44,154.853,33.451,188.348,151.350,35.150,186.525
07/17/26 10:45,154.937,33.621,188.532,151.300,35.147,186.447
07/17/26 10:46,154.377,33.833,188.242,151.383,35.200,186.592
07/17/26 10:47,154.573,33.545,188.116,151.513,35.298,186.790
07/17/26 10:48,154.517,33.523,188.019,151.383,35.358,186.742
07/17/26 10:49,154.320,33.902,188.218,151.417,35.395,186.753
07/17/26 10:50,154.790,33.633,188.440,151.500,35.217,186.708
07/17/26 10:51,155.227,33.492,188.714,151.422,35.178,186.600
07/17/26 10:52,155.496,33.368,188.858,151.550,35.283,186.808
07/17/26 10:53,155.487,33.413,188.901,151.600,35.198,186.777
07/17/26 10:54,155.433,33.751,189.188,151.675,34.967,186.608
07/17/26 10:55,155.060,34.128,189.172,152.003,34.733,186.737
07/17/26 10:56,154.860,33.956,188.854,152.100,34.733,186.858
07/17/26 10:57,154.830,33.362,188.322,152.203,34.700,186.880
07/17/26 10:58,155.243,33.160,188.393,152.300,34.583,186.875
07/17/26 10:59,155.463,33.406,188.894,152.358,34.487,186.812
07/17/26 11:00,155.387,33.554,188.944,152.483,34.475,186.925
07/17/26 11:01,155.260,34.092,189.404,152.567,34.487,187.053
07/17/26 11:02,155.057,34.277,189.342,152.508,34.375,186.917
07/17/26 11:03,155.053,33.756,188.816,152.427,34.560,186.982
07/17/26 11:04,155.003,33.527,188.559,152.467,34.667,187.125
07/17/26 11:05,155.173,33.597,188.811,152.607,34.537,187.143
07/17/26 11:06,202.020,44.015,246.489,78.258,20.838,99.097
07/17/26 11:07,103.937,30.952,133.530,0.862,0.127,1.022
07/17/26 11:08,0.197,1.023,1.185,0.175,0.208,0.392
07/17/26 11:09,0.443,1.099,1.521,0.200,0.223,0.400
07/17/26 11:10,0.223,0.703,0.907,0.292,0.108,0.400
07/17/26 11:11,0.837,-0.106,0.747,0.300,0.042,0.323
07/17/26 11:12,0.910,0.023,0.936,0.300,0.000,0.300
07/17/26 11:13,0.883,0.258,1.143,0.223,0.000,0.242
07/17/26 11:14,0.913,-0.202,0.711,0.200,-0.092,0.200
07/17/26 11:15,0.740,0.046,0.763,0.277,-0.125,0.123
07/17/26 11:16,0.443,0.154,0.607,0.242,-0.200,0.075
07/17/26 11:17,-0.100,0.313,0.207,0.200,-0.200,0.000
07/17/26 11:18,-0.293,0.304,0.011,0.200,-0.200,0.000
07/17/26 11:19,0.590,-0.313,0.261,0.225,-0.258,0.000
07/17/26 11:20,0.663,-0.245,0.440,0.300,-0.300,0.000
07/17/26 11:21,1.010,-0.234,0.787,0.300,-0.333,-0.077
07/17/26 11:22,0.323,0.286,0.630,0.208,-0.275,-0.042
07/17/26 11:23,-0.050,0.628,0.573,0.200,-0.200,0.000
07/17/26 11:24,0.493,-0.107,0.352,0.200,-0.175,0.000
07/17/26 11:25,0.663,-0.067,0.563,0.142,-0.118,0.000
07/17/26 11:26,0.320,0.194,0.527,0.100,-0.100,0.025
07/17/26 11:27,0.247,0.254,0.496,0.100,-0.075,0.047
07/17/26 11:28,0.740,-0.163,0.596,0.100,0.000,0.100
07/17/26 11:29,0.567,0.340,0.909,0.100,-0.058,0.022
07/17/26 11:30,0.297,0.451,0.760,0.192,-0.100,0.058
07/17/26 11:31,-0.073,0.497,0.428,0.200,-0.100,0.100
07/17/26 11:32,0.320,-0.057,0.251,0.200,-0.133,0.100
07/17/26 11:33,0.493,-0.541,-0.021,0.200,-0.100,0.100
07/17/26 11:34,0.517,-0.102,0.433,0.225,-0.125,0.100
07/17/26 11:35,0.370,0.298,0.675,0.300,-0.175,0.100
07/17/26 11:36,0.617,0.597,1.261,0.275,-0.075,0.158
07/17/26 11:37,0.493,0.660,1.151,0.200,0.000,0.200
07/17/26 11:38,0.370,-0.011,0.362,0.200,-0.058,0.108
07/17/26 11:39,0.097,0.048,0.168,0.200,-0.100,0.100
07/17/26 11:40,0.343,-0.287,0.053,0.200,-0.133,0.100
_, , , , , , 
Min,-0.293,-0.541,-0.021,0.100,-0.333,-0.077
Date,07/17,07/17,07/17,07/17,07/17,07/17
Time,11:18,11:33,11:33,11:26,11:21,11:21
Max,202.020,154.898,246.489,153.700,154.942,189.460
Date,07/17,07/17,07/17,07/17,07/17,07/17
Time,11:06,01:14,11:06,09:01,00:30,05:04
AVG,89.767,89.891,179.660,87.793,91.179,178.972
Num,761,761,761,761,761,761
Data[%],100.0,100.0,100.0,100.0,100.0,100.0
STD,49.6,49.7,38.5,49.2,49.4,38.9
